State/UTs_Code,District_Code,CD Block_Code,Town/Village_Code,State/UTs_Name,District_Name,Level,Name,Total/Rural/Urban,No of Households,Total Population Person,Total Population Male,Total Population Female,Population in the age group 0-6 Person,Population in the age group 0-6 Male,Population in the age group 0-6 Female,Scheduled Castes population Person,Scheduled Castes population Male,Scheduled Castes population Female,Scheduled Tribes population Person,Scheduled Tribes population Male,Scheduled Tribes population Female,Literates Population Person,Literates Population Male,Literates Population Female,Illiterate Persons,Illiterate Male,Illiterate Female,Total Worker Population Person,Total Worker Population Male,Total Worker Population Female,Non Working Population Person,Non Working Population Male,Non Working Population Female
05,058,0016,042138,UTTARAKHAND,Rudraprayag,CD BLOCK,Ukhimath,Rural,10259,50719,25204,25515,6502,3477,3025,7792,3947,3845,135,76,59,37235,20780,16455,13484,4424,9060,23685,11562,12123,27034,13642,13392
05,058,0016,042054,UTTARAKHAND,Rudraprayag,VILLAGE,Garuriya,Rural,2,10,10,0,0,0,0,0,0,0,0,0,0,10,10,0,0,0,0,0,0,0,10,10,0
05,058,0016,042055,UTTARAKHAND,Rudraprayag,VILLAGE,Ghinurpani,Rural,0,0,0,0,0,0,0,0,0,0,0,0,0,0,0,0,0,0,0,0,0,0,0,0,0
05,058,0016,042056,UTTARAKHAND,Rudraprayag,VILLAGE,Rambara,Rural,0,0,0,0,0,0,0,0,0,0,0,0,0,0,0,0,0,0,0,0,0,0,0,0,0
05,058,0016,042057,UTTARAKHAND,Rudraprayag,VILLAGE,Sarana Losan,Rural,0,0,0,0,0,0,0,0,0,0,0,0,0,0,0,0,0,0,0,0,0,0,0,0,0
05,058,0016,042058,UTTARAKHAND,Rudraprayag,VILLAGE,Gaurikund,Rural,43,223,136,87,13,4,9,0,0,0,0,0,0,185,127,58,38,9,29,149,95,54,74,41,33
05,058,0016,042059,UTTARAKHAND,Rudraprayag,VILLAGE,Mundkatiya,Rural,6,30,16,14,4,0,4,0,0,0,0,0,0,23,16,7,7,0,7,22,13,9,8,3,5
05,058,0016,042060,UTTARAKHAND,Rudraprayag,VILLAGE,Tausi,Rural,34,202,102,100,33,16,17,0,0,0,0,0,0,149,83,66,53,19,34,89,44,45,113,58,55
05,058,0016,042061,UTTARAKHAND,Rudraprayag,VILLAGE,Trijuginarayan,Rural,235,1360,693,667,177,91,86,0,0,0,0,0,0,1028,594,434,332,99,233,566,287,279,794,406,388
05,058,0016,042062,UTTARAKHAND,Rudraprayag,VILLAGE,Kongarh,Rural,36,188,99,89,34,18,16,145,71,74,0,0,0,123,76,47,65,23,42,86,46,40,102,53,49
05,058,0016,042063,UTTARAKHAND,Rudraprayag,VILLAGE,Nyalsu,Rural,201,1120,571,549,153,80,73,9,5,4,9,9,0,805,464,341,315,107,208,598,294,304,522,277,245
05,058,0016,042064,UTTARAKHAND,Rudraprayag,VILLAGE,Sersi,Rural,43,224,109,115,22,9,13,57,28,29,0,0,0,176,98,78,48,11,37,118,53,65,106,56,50
05,058,0016,042065,UTTARAKHAND,Rudraprayag,VILLAGE,Gair,Rural,13,70,33,37,9,5,4,0,0,0,0,0,0,56,28,28,14,5,9,39,19,20,31,14,17
05,058,0016,042066,UTTARAKHAND,Rudraprayag,VILLAGE,Barasu,Rural,171,881,447,434,138,80,58,0,0,0,0,0,0,627,357,270,254,90,164,439,216,223,442,231,211
05,058,0016,042067,UTTARAKHAND,Rudraprayag,VILLAGE,Tarsali,Rural,20,98,50,48,3,2,1,0,0,0,0,0,0,83,48,35,15,2,13,46,23,23,52,27,25
05,058,0016,042068,UTTARAKHAND,Rudraprayag,VILLAGE,Jamu,Rural,126,697,342,355,85,49,36,0,0,0,0,0,0,553,287,266,144,55,89,339,152,187,358,190,168
05,058,0016,042069,UTTARAKHAND,Rudraprayag,VILLAGE,Phata,Rural,58,215,123,92,34,19,15,25,14,11,0,0,0,169,101,68,46,22,24,89,59,30,126,64,62
05,058,0016,042070,UTTARAKHAND,Rudraprayag,VILLAGE,Khat,Rural,54,271,146,125,27,18,9,0,0,0,0,0,0,220,125,95,51,21,30,145,73,72,126,73,53
05,058,0016,042071,UTTARAKHAND,Rudraprayag,VILLAGE,Dhani,Rural,48,274,143,131,44,23,21,0,0,0,0,0,0,186,112,74,88,31,57,126,60,66,148,83,65
05,058,0016,042072,UTTARAKHAND,Rudraprayag,VILLAGE,Khariya,Rural,119,574,291,283,54,28,26,0,0,0,0,0,0,464,257,207,110,34,76,273,119,154,301,172,129
05,058,0016,042073,UTTARAKHAND,Rudraprayag,VILLAGE,Dharwal Gaon,Rural,17,84,40,44,10,5,5,0,0,0,0,0,0,66,35,31,18,5,13,47,21,26,37,19,18
05,058,0016,042074,UTTARAKHAND,Rudraprayag,VILLAGE,Rabigram,Rural,50,273,138,135,44,22,22,0,0,0,0,0,0,212,115,97,61,23,38,162,73,89,111,65,46
05,058,0016,042075,UTTARAKHAND,Rudraprayag,VILLAGE,Maikhanda,Rural,186,926,470,456,152,71,81,738,373,365,48,25,23,607,360,247,319,110,209,397,183,214,529,287,242
05,058,0016,042076,UTTARAKHAND,Rudraprayag,VILLAGE,Byung,Rural,31,149,78,71,14,7,7,0,0,0,0,0,0,109,68,41,40,10,30,95,52,43,54,26,28
05,058,0016,042077,UTTARAKHAND,Rudraprayag,VILLAGE,Rail,Rural,16,71,39,32,6,3,3,0,0,0,0,0,0,53,33,20,18,6,12,35,17,18,36,22,14
05,058,0016,042078,UTTARAKHAND,Rudraprayag,VILLAGE,Lolchhara,Rural,0,0,0,0,0,0,0,0,0,0,0,0,0,0,0,0,0,0,0,0,0,0,0,0,0
05,058,0016,042079,UTTARAKHAND,Rudraprayag,VILLAGE,Jalmalla,Rural,84,543,267,276,97,47,50,0,0,0,0,0,0,340,190,150,203,77,126,322,159,163,221,108,113
05,058,0016,042080,UTTARAKHAND,Rudraprayag,VILLAGE,Jaltalla,Rural,79,373,197,176,64,31,33,8,8,0,0,0,0,255,157,98,118,40,78,195,106,89,178,91,87
05,058,0016,042081,UTTARAKHAND,Rudraprayag,VILLAGE,Chaumasi,Rural,57,284,135,149,41,18,23,0,0,0,0,0,0,208,110,98,76,25,51,50,50,0,234,85,149
05,058,0016,042082,UTTARAKHAND,Rudraprayag,VILLAGE,Chilond,Rural,60,353,185,168,56,34,22,0,0,0,0,0,0,244,140,104,109,45,64,183,85,98,170,100,70
05,058,0016,042083,UTTARAKHAND,Rudraprayag,VILLAGE,Syansu,Rural,47,229,107,122,35,14,21,0,0,0,0,0,0,155,87,68,74,20,54,123,51,72,106,56,50
05,058,0016,042084,UTTARAKHAND,Rudraprayag,VILLAGE,Khunnu,Rural,53,270,128,142,37,16,21,0,0,0,0,0,0,189,103,86,81,25,56,131,54,77,139,74,65
05,058,0016,042085,UTTARAKHAND,Rudraprayag,VILLAGE,Kotma,Rural,126,565,293,272,67,32,35,255,133,122,0,0,0,481,254,227,84,39,45,307,160,147,258,133,125
05,058,0016,042086,UTTARAKHAND,Rudraprayag,VILLAGE,Kabiltha,Rural,62,341,182,159,30,15,15,0,0,0,0,0,0,247,153,94,94,29,65,163,100,63,178,82,96
05,058,0016,042087,UTTARAKHAND,Rudraprayag,VILLAGE,Kalimath,Rural,111,545,275,270,80,48,32,152,72,80,0,0,0,377,208,169,168,67,101,270,132,138,275,143,132
05,058,0016,042088,UTTARAKHAND,Rudraprayag,VILLAGE,Byunkhi,Rural,77,355,173,182,43,23,20,0,0,0,0,0,0,254,145,109,101,28,73,253,117,136,102,56,46
05,058,0016,042089,UTTARAKHAND,Rudraprayag,VILLAGE,Kunjethi,Rural,72,389,186,203,64,30,34,187,88,99,0,0,0,262,153,109,127,33,94,187,85,102,202,101,101
05,058,0016,042090,UTTARAKHAND,Rudraprayag,VILLAGE,Thali Laga Kali Math,Rural,0,0,0,0,0,0,0,0,0,0,0,0,0,0,0,0,0,0,0,0,0,0,0,0,0
05,058,0016,042091,UTTARAKHAND,Rudraprayag,VILLAGE,Jurani,Rural,20,99,50,49,12,6,6,30,17,13,0,0,0,80,44,36,19,6,13,44,24,20,55,26,29
05,058,0016,042092,UTTARAKHAND,Rudraprayag,VILLAGE,Gwita,Rural,6,28,19,9,1,1,0,0,0,0,0,0,0,22,16,6,6,3,3,13,9,4,15,10,5
05,058,0016,042093,UTTARAKHAND,Rudraprayag,VILLAGE,Korkhimalli,Rural,9,51,27,24,7,3,4,0,0,0,0,0,0,31,22,9,20,5,15,24,12,12,27,15,12
05,058,0016,042094,UTTARAKHAND,Rudraprayag,VILLAGE,Korkhitalli,Rural,17,98,49,49,12,7,5,0,0,0,0,0,0,75,39,36,23,10,13,36,15,21,62,34,28
05,058,0016,042095,UTTARAKHAND,Rudraprayag,VILLAGE,Semkwerala,Rural,8,33,14,19,4,1,3,0,0,0,0,0,0,19,11,8,14,3,11,17,7,10,16,7,9
05,058,0016,042096,UTTARAKHAND,Rudraprayag,VILLAGE,Tyuri,Rural,99,460,220,240,71,33,38,0,0,0,0,0,0,329,180,149,131,40,91,272,123,149,188,97,91
05,058,0016,042097,UTTARAKHAND,Rudraprayag,VILLAGE,Khumera,Rural,213,1050,507,543,138,71,67,421,210,211,0,0,0,728,419,309,322,88,234,488,228,260,562,279,283
05,058,0016,042098,UTTARAKHAND,Rudraprayag,VILLAGE,Barasu,Rural,146,1128,652,476,102,60,42,153,104,49,0,0,0,939,578,361,189,74,115,309,175,134,819,477,342
05,058,0016,042099,UTTARAKHAND,Rudraprayag,VILLAGE,Bhetsem,Rural,199,1011,521,490,117,68,49,458,245,213,0,0,0,848,449,399,163,72,91,308,198,110,703,323,380
05,058,0016,042100,UTTARAKHAND,Rudraprayag,VILLAGE,Hyuna,Rural,21,85,51,34,10,6,4,0,0,0,0,0,0,66,42,24,19,9,10,39,34,5,46,17,29
05,058,0016,042101,UTTARAKHAND,Rudraprayag,VILLAGE,Nala,Rural,257,1189,600,589,134,70,64,464,226,238,0,0,0,885,512,373,304,88,216,523,280,243,666,320,346
05,058,0016,042102,UTTARAKHAND,Rudraprayag,VILLAGE,Kothera,Rural,32,149,73,76,23,12,11,0,0,0,0,0,0,115,61,54,34,12,22,74,31,43,75,42,33
05,058,0016,042103,UTTARAKHAND,Rudraprayag,VILLAGE,Deosal,Rural,53,209,104,105,23,14,9,2,1,1,0,0,0,156,89,67,53,15,38,96,42,54,113,62,51
05,058,0016,042104,UTTARAKHAND,Rudraprayag,VILLAGE,Rudrpur,Rural,124,629,320,309,73,45,28,56,31,25,0,0,0,471,270,201,158,50,108,236,96,140,393,224,169
05,058,0016,042105,UTTARAKHAND,Rudraprayag,VILLAGE,Gadi,Rural,24,99,52,47,10,4,6,2,2,0,0,0,0,72,44,28,27,8,19,50,26,24,49,26,23
05,058,0016,042106,UTTARAKHAND,Rudraprayag,VILLAGE,Guptkashi,Rural,277,1130,583,547,131,76,55,39,22,17,4,3,1,918,495,423,212,88,124,410,271,139,720,312,408
05,058,0016,042107,UTTARAKHAND,Rudraprayag,VILLAGE,Dewar,Rural,187,865,411,454,109,60,49,119,60,59,0,0,0,673,348,325,192,63,129,443,192,251,422,219,203
05,058,0016,042108,UTTARAKHAND,Rudraprayag,VILLAGE,Sankari,Rural,198,901,466,435,98,52,46,7,6,1,0,0,0,706,390,316,195,76,119,533,265,268,368,201,167
05,058,0016,042109,UTTARAKHAND,Rudraprayag,VILLAGE,Bhainsari,Rural,51,232,112,120,20,11,9,0,0,0,0,0,0,181,94,87,51,18,33,103,51,52,129,61,68
05,058,0016,042110,UTTARAKHAND,Rudraprayag,VILLAGE,Asama,Rural,2,10,7,3,2,2,0,0,0,0,0,0,0,8,5,3,2,2,0,5,2,3,5,5,0
05,058,0016,042111,UTTARAKHAND,Rudraprayag,VILLAGE,Semtalli,Rural,44,205,112,93,16,11,5,22,13,9,0,0,0,166,99,67,39,13,26,113,57,56,92,55,37
05,058,0016,042112,UTTARAKHAND,Rudraprayag,VILLAGE,Thaglasi,Rural,14,77,36,41,11,6,5,0,0,0,0,0,0,58,30,28,19,6,13,35,14,21,42,22,20
05,058,0016,042113,UTTARAKHAND,Rudraprayag,VILLAGE,Dharsemi,Rural,8,42,25,17,5,4,1,0,0,0,0,0,0,29,17,12,13,8,5,25,17,8,17,8,9
05,058,0016,042114,UTTARAKHAND,Rudraprayag,VILLAGE,Rauchak Chauki,Rural,5,9,5,4,0,0,0,2,1,1,0,0,0,1,1,0,8,4,4,6,5,1,3,0,3
05,058,0016,042115,UTTARAKHAND,Rudraprayag,VILLAGE,Paundar,Rural,9,33,17,16,5,2,3,0,0,0,0,0,0,23,14,9,10,3,7,9,7,2,24,10,14
05,058,0016,042116,UTTARAKHAND,Rudraprayag,VILLAGE,Uniyara,Rural,125,566,259,307,57,31,26,0,0,0,0,0,0,446,222,224,120,37,83,331,140,191,235,119,116
05,058,0016,042117,UTTARAKHAND,Rudraprayag,VILLAGE,Ransi Tarsali,Rural,154,964,455,509,148,76,72,0,0,0,0,0,0,639,358,281,325,97,228,473,196,277,491,259,232
05,058,0016,042118,UTTARAKHAND,Rudraprayag,VILLAGE,Gaundar,Rural,45,294,145,149,47,27,20,0,0,0,0,0,0,200,112,88,94,33,61,156,72,84,138,73,65
05,058,0016,042119,UTTARAKHAND,Rudraprayag,VILLAGE,Raulek,Rural,242,1207,577,630,163,75,88,361,183,178,0,0,0,860,471,389,347,106,241,629,288,341,578,289,289
05,058,0016,042120,UTTARAKHAND,Rudraprayag,VILLAGE,Kheti Nadla,Rural,27,113,51,62,15,6,9,0,0,0,0,0,0,78,44,34,35,7,28,56,26,30,57,25,32
05,058,0016,042121,UTTARAKHAND,Rudraprayag,VILLAGE,Jaggi Bagwan,Rural,115,561,282,279,75,44,31,0,0,0,0,0,0,375,217,158,186,65,121,316,142,174,245,140,105
05,058,0016,042122,UTTARAKHAND,Rudraprayag,VILLAGE,Bedulaban,Rural,82,455,226,229,48,25,23,0,0,0,0,0,0,321,186,135,134,40,94,101,87,14,354,139,215
05,058,0016,042123,UTTARAKHAND,Rudraprayag,VILLAGE,Kunjalpur,Rural,11,48,24,24,5,4,1,26,13,13,0,0,0,33,19,14,15,5,10,25,11,14,23,13,10
05,058,0016,042124,UTTARAKHAND,Rudraprayag,VILLAGE,Mansuna,Rural,189,888,418,470,131,68,63,296,142,154,0,0,0,574,313,261,314,105,209,357,182,175,531,236,295
05,058,0016,042125,UTTARAKHAND,Rudraprayag,VILLAGE,Jugasuchak Biroli,Rural,0,0,0,0,0,0,0,0,0,0,0,0,0,0,0,0,0,0,0,0,0,0,0,0,0
05,058,0016,042126,UTTARAKHAND,Rudraprayag,VILLAGE,Biroli,Rural,1,8,3,5,3,0,3,7,2,5,0,0,0,4,3,1,4,0,4,1,1,0,7,2,5
05,058,0016,042127,UTTARAKHAND,Rudraprayag,VILLAGE,Burua,Rural,71,386,168,218,50,20,30,106,55,51,0,0,0,285,144,141,101,24,77,171,77,94,215,91,124
05,058,0016,042128,UTTARAKHAND,Rudraprayag,VILLAGE,Madali,Rural,2,5,2,3,0,0,0,0,0,0,0,0,0,2,1,1,3,1,2,3,1,2,2,1,1
05,058,0016,042129,UTTARAKHAND,Rudraprayag,VILLAGE,Gadagu,Rural,117,601,275,326,120,64,56,0,0,0,0,0,0,367,195,172,234,80,154,336,135,201,265,140,125
05,058,0016,042130,UTTARAKHAND,Rudraprayag,VILLAGE,Gair,Rural,79,431,210,221,53,30,23,5,3,2,0,0,0,290,168,122,141,42,99,219,99,120,212,111,101
05,058,0016,042131,UTTARAKHAND,Rudraprayag,VILLAGE,Basti,Rural,15,75,36,39,4,3,1,0,0,0,0,0,0,62,31,31,13,5,8,30,15,15,45,21,24
05,058,0016,042132,UTTARAKHAND,Rudraprayag,VILLAGE,Giriya,Rural,122,611,292,319,102,57,45,51,24,27,0,0,0,438,228,210,173,64,109,277,116,161,334,176,158
05,058,0016,042133,UTTARAKHAND,Rudraprayag,VILLAGE,Fanphaj,Rural,110,574,276,298,76,44,32,0,0,0,0,0,0,423,229,194,151,47,104,259,104,155,315,172,143
05,058,0016,042134,UTTARAKHAND,Rudraprayag,VILLAGE,Saruna,Rural,27,123,58,65,16,7,9,0,0,0,0,0,0,99,51,48,24,7,17,47,19,28,76,39,37
05,058,0016,042135,UTTARAKHAND,Rudraprayag,VILLAGE,Pali,Rural,61,283,136,147,42,26,16,0,0,0,0,0,0,201,99,102,82,37,45,131,52,79,152,84,68
05,058,0016,042136,UTTARAKHAND,Rudraprayag,VILLAGE,Chunni,Rural,59,286,161,125,35,22,13,9,4,5,0,0,0,212,136,76,74,25,49,149,70,79,137,91,46
05,058,0016,042137,UTTARAKHAND,Rudraprayag,VILLAGE,Mangoli,Rural,54,246,124,122,18,9,9,0,0,0,0,0,0,205,114,91,41,10,31,107,49,58,139,75,64
05,058,0016,042138,UTTARAKHAND,Rudraprayag,VILLAGE,Ukhimath,Rural,511,2296,1184,1112,268,158,110,461,243,218,35,18,17,1816,993,823,480,191,289,950,508,442,1346,676,670
05,058,0016,042139,UTTARAKHAND,Rudraprayag,VILLAGE,Dilmi,Rural,17,88,41,47,12,6,6,0,0,0,0,0,0,61,34,27,27,7,20,40,18,22,48,23,25
05,058,0016,042140,UTTARAKHAND,Rudraprayag,VILLAGE,Sari,Rural,137,784,369,415,95,53,42,78,38,40,0,0,0,548,303,245,236,66,170,263,140,123,521,229,292
05,058,0016,042141,UTTARAKHAND,Rudraprayag,VILLAGE,Daira,Rural,92,406,206,200,47,28,19,58,33,25,0,0,0,308,175,133,98,31,67,169,88,81,237,118,119
05,058,0016,042142,UTTARAKHAND,Rudraprayag,VILLAGE,Barangali,Rural,40,206,99,107,30,17,13,0,0,0,0,0,0,137,82,55,69,17,52,102,49,53,104,50,54
05,058,0016,042143,UTTARAKHAND,Rudraprayag,VILLAGE,Karokhi,Rural,143,749,365,384,84,49,35,67,29,38,15,8,7,574,309,265,175,56,119,329,138,191,420,227,193
05,058,0016,042144,UTTARAKHAND,Rudraprayag,VILLAGE,Kantha,Rural,5,33,15,18,4,1,3,0,0,0,0,0,0,25,14,11,8,1,7,20,9,11,13,6,7
05,058,0016,042145,UTTARAKHAND,Rudraprayag,VILLAGE,Painj,Rural,55,264,118,146,39,18,21,0,0,0,0,0,0,177,98,79,87,20,67,149,66,83,115,52,63
05,058,0016,042146,UTTARAKHAND,Rudraprayag,VILLAGE,Bhatwari,Rural,123,504,256,248,55,33,22,3,2,1,1,1,0,427,223,204,77,33,44,246,130,116,258,126,132
05,058,0016,042147,UTTARAKHAND,Rudraprayag,VILLAGE,Sansari,Rural,34,211,129,82,11,7,4,0,0,0,0,0,0,158,110,48,53,19,34,103,74,29,108,55,53
05,058,0016,042148,UTTARAKHAND,Rudraprayag,VILLAGE,Kimana,Rural,88,393,192,201,40,24,16,0,0,0,0,0,0,313,168,145,80,24,56,201,94,107,192,98,94
05,058,0016,042149,UTTARAKHAND,Rudraprayag,VILLAGE,Raudu,Rural,13,54,24,30,4,2,2,0,0,0,0,0,0,38,22,16,16,2,14,28,11,17,26,13,13
05,058,0016,042150,UTTARAKHAND,Rudraprayag,VILLAGE,Gundagwar,Rural,5,30,16,14,1,1,0,0,0,0,0,0,0,22,15,7,8,1,7,16,8,8,14,8,6
05,058,0016,042151,UTTARAKHAND,Rudraprayag,VILLAGE,Kanda,Rural,35,195,83,112,29,15,14,0,0,0,0,0,0,139,66,73,56,17,39,106,43,63,89,40,49
05,058,0016,042152,UTTARAKHAND,Rudraprayag,VILLAGE,Huddu,Rural,68,361,180,181,54,32,22,87,41,46,0,0,0,253,146,107,108,34,74,221,105,116,140,75,65
05,058,0016,042153,UTTARAKHAND,Rudraprayag,VILLAGE,Ushara,Rural,96,544,269,275,66,37,29,0,0,0,0,0,0,381,222,159,163,47,116,225,108,117,319,161,158
05,058,0016,042154,UTTARAKHAND,Rudraprayag,VILLAGE,Bhankund,Rural,3,16,10,6,0,0,0,0,0,0,0,0,0,14,10,4,2,0,2,8,5,3,8,5,3
05,058,0016,042155,UTTARAKHAND,Rudraprayag,VILLAGE,Pothiwasa,Rural,0,0,0,0,0,0,0,0,0,0,0,0,0,0,0,0,0,0,0,0,0,0,0,0,0
05,058,0016,042156,UTTARAKHAND,Rudraprayag,VILLAGE,Tungnath,Rural,0,0,0,0,0,0,0,0,0,0,0,0,0,0,0,0,0,0,0,0,0,0,0,0,0
05,058,0016,042157,UTTARAKHAND,Rudraprayag,VILLAGE,Chopta,Rural,0,0,0,0,0,0,0,0,0,0,0,0,0,0,0,0,0,0,0,0,0,0,0,0,0
05,058,0016,042158,UTTARAKHAND,Rudraprayag,VILLAGE,Baniyakund,Rural,0,0,0,0,0,0,0,0,0,0,0,0,0,0,0,0,0,0,0,0,0,0,0,0,0
05,058,0016,042159,UTTARAKHAND,Rudraprayag,VILLAGE,Dogalbhita,Rural,0,0,0,0,0,0,0,0,0,0,0,0,0,0,0,0,0,0,0,0,0,0,0,0,0
05,058,0016,042160,UTTARAKHAND,Rudraprayag,VILLAGE,Gujargwar,Rural,11,52,30,22,2,2,0,0,0,0,0,0,0,36,28,8,16,2,14,9,9,0,43,21,22
05,058,0016,042161,UTTARAKHAND,Rudraprayag,VILLAGE,Dilangwar,Rural,14,83,43,40,15,10,5,0,0,0,0,0,0,51,30,21,32,13,19,19,15,4,64,28,36
05,058,0016,042162,UTTARAKHAND,Rudraprayag,VILLAGE,Makku,Rural,211,950,445,505,112,52,60,236,109,127,0,0,0,719,380,339,231,65,166,397,219,178,553,226,327
05,058,0016,042163,UTTARAKHAND,Rudraprayag,VILLAGE,Silgoth,Rural,3,12,4,8,0,0,0,0,0,0,0,0,0,9,4,5,3,0,3,5,2,3,7,2,5
05,058,0016,042164,UTTARAKHAND,Rudraprayag,VILLAGE,Semar,Rural,10,34,18,16,4,2,2,0,0,0,0,0,0,23,16,7,11,2,9,13,5,8,21,13,8
05,058,0016,042165,UTTARAKHAND,Rudraprayag,VILLAGE,Dungar semala,Rural,110,580,285,295,92,32,60,259,132,127,0,0,0,409,235,174,171,50,121,285,140,145,295,145,150
05,058,0016,042166,UTTARAKHAND,Rudraprayag,VILLAGE,Pathali,Rural,91,522,252,270,77,43,34,0,0,0,6,5,1,379,208,171,143,44,99,260,120,140,262,132,130
05,058,0016,042167,UTTARAKHAND,Rudraprayag,VILLAGE,Kundaliya,Rural,19,89,43,46,8,6,2,0,0,0,0,0,0,64,37,27,25,6,19,47,21,26,42,22,20
05,058,0016,042168,UTTARAKHAND,Rudraprayag,VILLAGE,Garwali,Rural,22,112,54,58,10,4,6,0,0,0,0,0,0,85,50,35,27,4,23,58,30,28,54,24,30
05,058,0016,042169,UTTARAKHAND,Rudraprayag,VILLAGE,Chinagwar,Rural,2,8,5,3,0,0,0,0,0,0,0,0,0,7,5,2,1,0,1,1,1,0,7,4,3
05,058,0016,042170,UTTARAKHAND,Rudraprayag,VILLAGE,Bhingi,Rural,62,273,144,129,32,17,15,5,2,3,0,0,0,207,121,86,66,23,43,127,58,69,146,86,60
05,058,0016,042171,UTTARAKHAND,Rudraprayag,VILLAGE,Lakshman Gwar,Rural,7,34,16,18,3,1,2,0,0,0,0,0,0,26,15,11,8,1,7,16,8,8,18,8,10
05,058,0016,042172,UTTARAKHAND,Rudraprayag,VILLAGE,Tankila,Rural,25,104,52,52,14,10,4,0,0,0,0,0,0,76,40,36,28,12,16,59,26,33,45,26,19
05,058,0016,042173,UTTARAKHAND,Rudraprayag,VILLAGE,Parkandi,Rural,418,1699,789,910,224,126,98,121,61,60,0,0,0,1222,639,583,477,150,327,996,428,568,703,361,342
05,058,0016,042174,UTTARAKHAND,Rudraprayag,VILLAGE,Giwari Gaon,Rural,45,197,128,69,20,14,6,0,0,0,0,0,0,162,111,51,35,17,18,117,93,24,80,35,45
05,058,0016,042175,UTTARAKHAND,Rudraprayag,VILLAGE,Kyark,Rural,21,109,50,59,18,9,9,0,0,0,0,0,0,78,40,38,31,10,21,29,12,17,80,38,42
05,058,0016,042176,UTTARAKHAND,Rudraprayag,VILLAGE,Kuher,Rural,8,42,22,20,2,0,2,0,0,0,0,0,0,36,21,15,6,1,5,10,6,4,32,16,16
05,058,0016,042177,UTTARAKHAND,Rudraprayag,VILLAGE,Pailing,Rural,73,286,116,170,26,14,12,0,0,0,0,0,0,206,101,105,80,15,65,70,36,34,216,80,136
05,058,0016,042178,UTTARAKHAND,Rudraprayag,VILLAGE,Uthind,Rural,86,352,161,191,37,23,14,0,0,0,0,0,0,257,131,126,95,30,65,170,66,104,182,95,87
05,058,0016,042179,UTTARAKHAND,Rudraprayag,VILLAGE,Kail,Rural,19,112,58,54,15,10,5,0,0,0,0,0,0,89,48,41,23,10,13,55,24,31,57,34,23
05,058,0016,042180,UTTARAKHAND,Rudraprayag,VILLAGE,Jagpura,Rural,45,229,114,115,28,15,13,0,0,0,0,0,0,176,96,80,53,18,35,113,54,59,116,60,56
05,058,0016,042181,UTTARAKHAND,Rudraprayag,VILLAGE,Paw,Rural,59,288,127,161,23,11,12,0,0,0,0,0,0,212,109,103,76,18,58,12,10,2,276,117,159
05,058,0016,042182,UTTARAKHAND,Rudraprayag,VILLAGE,Kirmoriya,Rural,1,4,2,2,0,0,0,0,0,0,0,0,0,4,2,2,0,0,0,2,1,1,2,1,1
05,058,0016,042183,UTTARAKHAND,Rudraprayag,VILLAGE,Jamalok ,Rural,10,54,25,29,12,4,8,0,0,0,0,0,0,36,19,17,18,6,12,30,12,18,24,13,11
05,058,0016,042184,UTTARAKHAND,Rudraprayag,VILLAGE,Khal,Rural,2,6,3,3,0,0,0,0,0,0,0,0,0,2,2,0,4,1,3,4,2,2,2,1,1
05,058,0016,042185,UTTARAKHAND,Rudraprayag,VILLAGE,Lwara,Rural,237,1164,556,608,151,71,80,591,294,297,2,1,1,800,443,357,364,113,251,574,278,296,590,278,312
05,058,0016,042186,UTTARAKHAND,Rudraprayag,VILLAGE,Dewagana,Rural,44,235,120,115,42,23,19,150,75,75,0,0,0,153,88,65,82,32,50,126,63,63,109,57,52
05,058,0016,042187,UTTARAKHAND,Rudraprayag,VILLAGE,Salya,Rural,105,554,270,284,78,45,33,254,117,137,7,3,4,375,206,169,179,64,115,271,126,145,283,144,139
05,058,0016,042188,UTTARAKHAND,Rudraprayag,VILLAGE,Khera,Rural,39,234,112,122,28,16,12,23,12,11,0,0,0,167,88,79,67,24,43,156,73,83,78,39,39
05,058,0016,042189,UTTARAKHAND,Rudraprayag,VILLAGE,Tulanga,Rural,196,936,462,474,153,92,61,168,87,81,0,0,0,605,332,273,331,130,201,466,204,262,470,258,212
05,058,0016,042190,UTTARAKHAND,Rudraprayag,VILLAGE,Chaundi,Rural,17,95,56,39,17,13,4,58,34,24,0,0,0,63,39,24,32,17,15,42,21,21,53,35,18
05,058,0016,042191,UTTARAKHAND,Rudraprayag,VILLAGE,Lwani,Rural,54,326,156,170,40,20,20,58,29,29,8,3,5,250,134,116,76,22,54,83,69,14,243,87,156
05,058,0016,042192,UTTARAKHAND,Rudraprayag,VILLAGE,Andrawahi,Rural,53,184,81,103,22,9,13,15,7,8,0,0,0,138,69,69,46,12,34,101,42,59,83,39,44
05,058,0016,042193,UTTARAKHAND,Rudraprayag,VILLAGE,Singoli,Rural,36,177,80,97,13,7,6,81,38,43,0,0,0,136,71,65,41,9,32,79,40,39,98,40,58
05,058,0016,042194,UTTARAKHAND,Rudraprayag,VILLAGE,Namoli,Rural,10,27,10,17,1,1,0,0,0,0,0,0,0,21,9,12,6,1,5,18,8,10,9,2,7
05,058,0016,042195,UTTARAKHAND,Rudraprayag,VILLAGE,Akardhar,Rural,4,20,9,11,2,1,1,0,0,0,0,0,0,14,8,6,6,1,5,9,4,5,11,5,6
05,058,0016,042196,UTTARAKHAND,Rudraprayag,VILLAGE,Lamgondi,Rural,244,1175,586,589,157,86,71,392,187,205,0,0,0,827,474,353,348,112,236,580,285,295,595,301,294
05,058,0016,042197,UTTARAKHAND,Rudraprayag,VILLAGE,Phali Phasalat,Rural,65,305,150,155,23,12,11,26,14,12,0,0,0,251,136,115,54,14,40,147,71,76,158,79,79
05,058,0016,042198,UTTARAKHAND,Rudraprayag,VILLAGE,Dewali Bhanigram,Rural,248,1188,599,589,150,74,76,389,207,182,0,0,0,844,501,343,344,98,246,524,225,299,664,374,290
05,058,0017,000000,UTTARAKHAND,Rudraprayag,CD BLOCK,Augustmuni,Total,24505,106881,49409,57472,13775,7193,6582,23916,11679,12237,153,82,71,76345,39963,36382,30536,9446,21090,48999,22040,26959,57882,27369,30513
05,058,0017,000000,UTTARAKHAND,Rudraprayag,CD BLOCK,Augustmuni,Rural,24505,106881,49409,57472,13775,7193,6582,23916,11679,12237,153,82,71,76345,39963,36382,30536,9446,21090,48999,22040,26959,57882,27369,30513
05,058,0017,000000,UTTARAKHAND,Rudraprayag,CD BLOCK,Augustmuni,Urban,0,0,0,0,0,0,0,0,0,0,0,0,0,0,0,0,0,0,0,0,0,0,0,0,0
05,058,0017,042199,UTTARAKHAND,Rudraprayag,VILLAGE,Patiyaun,Rural,64,249,116,133,32,14,18,0,0,0,0,0,0,174,99,75,75,17,58,160,64,96,89,52,37
05,058,0017,042200,UTTARAKHAND,Rudraprayag,VILLAGE,Bareth,Rural,76,366,165,201,62,32,30,110,54,56,0,0,0,228,120,108,138,45,93,186,70,116,180,95,85
05,058,0017,042201,UTTARAKHAND,Rudraprayag,VILLAGE,Jaula,Rural,75,341,163,178,46,32,14,91,46,45,4,2,2,229,121,108,112,42,70,188,76,112,153,87,66
05,058,0017,042202,UTTARAKHAND,Rudraprayag,VILLAGE,Tal Jamana,Rural,94,540,286,254,72,36,36,222,110,112,0,0,0,345,223,122,195,63,132,286,139,147,254,147,107
05,058,0017,042203,UTTARAKHAND,Rudraprayag,VILLAGE,Paula Kundalia,Rural,36,163,87,76,15,7,8,19,10,9,0,0,0,123,77,46,40,10,30,77,40,37,86,47,39
05,058,0017,042204,UTTARAKHAND,Rudraprayag,VILLAGE,Himola,Rural,3,19,8,11,4,2,2,0,0,0,0,0,0,14,6,8,5,2,3,8,2,6,11,6,5
05,058,0017,042205,UTTARAKHAND,Rudraprayag,VILLAGE,Brambari,Rural,95,459,203,256,72,35,37,0,0,0,0,0,0,336,160,176,123,43,80,273,114,159,186,89,97
05,058,0017,042206,UTTARAKHAND,Rudraprayag,VILLAGE,Temariapalla,Rural,19,75,33,42,9,5,4,0,0,0,0,0,0,56,28,28,19,5,14,27,18,9,48,15,33
05,058,0017,042207,UTTARAKHAND,Rudraprayag,VILLAGE,Tat Laga Phegu,Rural,5,23,13,10,5,4,1,0,0,0,0,0,0,15,9,6,8,4,4,14,6,8,9,7,2
05,058,0017,042208,UTTARAKHAND,Rudraprayag,VILLAGE,Phegu,Rural,199,860,404,456,123,56,67,510,239,271,0,0,0,542,315,227,318,89,229,478,209,269,382,195,187
05,058,0017,042209,UTTARAKHAND,Rudraprayag,VILLAGE,Nag Jagayi,Rural,178,895,437,458,117,68,49,230,104,126,0,0,0,653,355,298,242,82,160,421,198,223,474,239,235
05,058,0017,042210,UTTARAKHAND,Rudraprayag,VILLAGE,Tinsoli,Rural,114,483,209,274,70,35,35,184,91,93,0,0,0,374,170,204,109,39,70,259,109,150,224,100,124
05,058,0017,042211,UTTARAKHAND,Rudraprayag,VILLAGE,Bhatwari,Rural,62,260,133,127,38,24,14,57,29,28,0,0,0,195,106,89,65,27,38,142,66,76,118,67,51
05,058,0017,042212,UTTARAKHAND,Rudraprayag,VILLAGE,Dungar,Rural,56,260,114,146,37,18,19,52,25,27,0,0,0,176,90,86,84,24,60,135,62,73,125,52,73
05,058,0017,042213,UTTARAKHAND,Rudraprayag,VILLAGE,Ghatbagar,Rural,0,0,0,0,0,0,0,0,0,0,0,0,0,0,0,0,0,0,0,0,0,0,0,0,0
05,058,0017,042214,UTTARAKHAND,Rudraprayag,VILLAGE,Basti,Rural,218,1074,526,548,149,71,78,356,168,188,0,0,0,725,432,293,349,94,255,635,311,324,439,215,224
05,058,0017,042215,UTTARAKHAND,Rudraprayag,VILLAGE,Damar,Rural,99,515,260,255,65,30,35,108,52,56,0,0,0,359,206,153,156,54,102,306,153,153,209,107,102
05,058,0017,042216,UTTARAKHAND,Rudraprayag,VILLAGE,Temariyawala,Rural,21,76,33,43,6,3,3,25,13,12,0,0,0,63,28,35,13,5,8,36,13,23,40,20,20
05,058,0017,042217,UTTARAKHAND,Rudraprayag,VILLAGE,Jalai Sursal,Rural,304,1361,638,723,159,81,78,330,168,162,6,2,4,994,538,456,367,100,267,662,269,393,699,369,330
05,058,0017,042218,UTTARAKHAND,Rudraprayag,VILLAGE,Auring,Rural,46,214,102,112,30,13,17,0,0,0,0,0,0,153,87,66,61,15,46,6,6,0,208,96,112
05,058,0017,042219,UTTARAKHAND,Rudraprayag,VILLAGE,Bhiri,Rural,138,587,320,267,69,37,32,173,88,85,0,0,0,430,246,184,157,74,83,277,183,94,310,137,173
05,058,0017,042220,UTTARAKHAND,Rudraprayag,VILLAGE,Nagarsal,Rural,0,0,0,0,0,0,0,0,0,0,0,0,0,0,0,0,0,0,0,0,0,0,0,0,0
05,058,0017,042221,UTTARAKHAND,Rudraprayag,VILLAGE,Birondewal,Rural,222,923,446,477,97,46,51,485,242,243,0,0,0,722,375,347,201,71,130,298,143,155,625,303,322
05,058,0017,042222,UTTARAKHAND,Rudraprayag,VILLAGE,Gair,Rural,46,202,81,121,19,11,8,20,9,11,0,0,0,156,69,87,46,12,34,144,53,91,58,28,30
05,058,0017,042223,UTTARAKHAND,Rudraprayag,VILLAGE,Kandara,Rural,294,1418,687,731,184,101,83,456,227,229,7,2,5,1010,559,451,408,128,280,738,319,419,680,368,312
05,058,0017,042224,UTTARAKHAND,Rudraprayag,VILLAGE,Raigu,Rural,8,37,16,21,4,3,1,0,0,0,0,0,0,28,13,15,9,3,6,21,7,14,16,9,7
05,058,0017,042225,UTTARAKHAND,Rudraprayag,VILLAGE,Kanyas,Rural,28,90,32,58,11,5,6,0,0,0,0,0,0,55,24,31,35,8,27,49,12,37,41,20,21
05,058,0017,042226,UTTARAKHAND,Rudraprayag,VILLAGE,Daula,Rural,59,249,107,142,37,19,18,0,0,0,0,0,0,172,83,89,77,24,53,137,52,85,112,55,57
05,058,0017,042227,UTTARAKHAND,Rudraprayag,VILLAGE,Jaikhanda,Rural,29,103,46,57,11,7,4,0,0,0,0,0,0,75,36,39,28,10,18,71,30,41,32,16,16
05,058,0017,042228,UTTARAKHAND,Rudraprayag,VILLAGE,Akhauri,Rural,103,474,223,251,83,50,33,120,59,61,0,0,0,309,165,144,165,58,107,244,97,147,230,126,104
05,058,0017,042229,UTTARAKHAND,Rudraprayag,VILLAGE,Sena garhsari,Rural,42,201,106,95,25,14,11,0,0,0,0,0,0,162,91,71,39,15,24,63,47,16,138,59,79
05,058,0017,042230,UTTARAKHAND,Rudraprayag,VILLAGE,Balsundi,Rural,33,167,84,83,11,9,2,0,0,0,0,0,0,136,73,63,31,11,20,66,34,32,101,50,51
05,058,0017,042231,UTTARAKHAND,Rudraprayag,VILLAGE,Karnsili,Rural,84,334,158,176,38,21,17,90,46,44,0,0,0,248,132,116,86,26,60,152,59,93,182,99,83
05,058,0017,042232,UTTARAKHAND,Rudraprayag,VILLAGE,Kyunja,Rural,245,1028,466,562,132,66,66,348,177,171,0,0,0,706,370,336,322,96,226,545,232,313,483,234,249
05,058,0017,042233,UTTARAKHAND,Rudraprayag,VILLAGE,Ajaipur,Rural,15,74,34,40,10,6,4,21,6,15,0,0,0,56,27,29,18,7,11,32,13,19,42,21,21
05,058,0017,042234,UTTARAKHAND,Rudraprayag,VILLAGE,Asondadian,Rural,48,206,97,109,22,8,14,0,0,0,0,0,0,150,84,66,56,13,43,98,42,56,108,55,53
05,058,0017,042235,UTTARAKHAND,Rudraprayag,VILLAGE,Sera,Rural,26,127,57,70,23,6,17,115,52,63,0,0,0,77,44,33,50,13,37,53,26,27,74,31,43
05,058,0017,042236,UTTARAKHAND,Rudraprayag,VILLAGE,Kunjethi,Rural,8,31,15,16,2,0,2,4,1,3,0,0,0,27,15,12,4,0,4,18,7,11,13,8,5
05,058,0017,042237,UTTARAKHAND,Rudraprayag,VILLAGE,Jaykandi,Rural,65,317,142,175,54,31,23,50,21,29,0,0,0,208,107,101,109,35,74,148,56,92,169,86,83
05,058,0017,042238,UTTARAKHAND,Rudraprayag,VILLAGE,Mundasu,Rural,11,61,30,31,16,8,8,54,27,27,0,0,0,26,15,11,35,15,20,23,9,14,38,21,17
05,058,0017,042239,UTTARAKHAND,Rudraprayag,VILLAGE,Sena Chak Chhara,Rural,0,0,0,0,0,0,0,0,0,0,0,0,0,0,0,0,0,0,0,0,0,0,0,0,0
05,058,0017,042240,UTTARAKHAND,Rudraprayag,VILLAGE,Bhanaj Gwar,Rural,169,835,420,415,110,61,49,273,150,123,0,0,0,582,329,253,253,91,162,167,163,4,668,257,411
05,058,0017,042241,UTTARAKHAND,Rudraprayag,VILLAGE,Machkandi,Rural,88,381,163,218,74,38,36,105,48,57,0,0,0,238,107,131,143,56,87,176,66,110,205,97,108
05,058,0017,042242,UTTARAKHAND,Rudraprayag,VILLAGE,Jawari,Rural,29,122,58,64,14,6,8,0,0,0,0,0,0,89,48,41,33,10,23,67,30,37,55,28,27
05,058,0017,042243,UTTARAKHAND,Rudraprayag,VILLAGE,Kandi,Rural,158,734,378,356,83,45,38,499,263,236,0,0,0,610,322,288,124,56,68,418,207,211,316,171,145
05,058,0017,042244,UTTARAKHAND,Rudraprayag,VILLAGE,Tewri,Rural,79,374,194,180,37,21,16,5,1,4,0,0,0,284,168,116,90,26,64,194,92,102,180,102,78
05,058,0017,042245,UTTARAKHAND,Rudraprayag,VILLAGE,Kalai,Rural,28,136,55,81,15,5,10,0,0,0,0,0,0,96,49,47,40,6,34,52,18,34,84,37,47
05,058,0017,042246,UTTARAKHAND,Rudraprayag,VILLAGE,Kontha,Rural,86,389,169,220,52,21,31,82,34,48,0,0,0,274,142,132,115,27,88,170,53,117,219,116,103
05,058,0017,042247,UTTARAKHAND,Rudraprayag,VILLAGE,Kera Malla,Rural,96,476,251,225,60,31,29,170,88,82,0,0,0,350,200,150,126,51,75,102,96,6,374,155,219
05,058,0017,042248,UTTARAKHAND,Rudraprayag,VILLAGE,Kera Talla,Rural,35,223,103,120,34,16,18,12,5,7,0,0,0,166,87,79,57,16,41,2,1,1,221,102,119
05,058,0017,042249,UTTARAKHAND,Rudraprayag,VILLAGE,Dungri,Rural,66,262,120,142,30,15,15,0,0,0,2,2,0,183,101,82,79,19,60,137,51,86,125,69,56
05,058,0017,042250,UTTARAKHAND,Rudraprayag,VILLAGE,Moli,Rural,37,148,66,82,19,8,11,0,0,0,0,0,0,104,52,52,44,14,30,57,21,36,91,45,46
05,058,0017,042251,UTTARAKHAND,Rudraprayag,VILLAGE,Baraw Talla,Rural,24,120,61,59,18,12,6,40,20,20,0,0,0,85,47,38,35,14,21,11,10,1,109,51,58
05,058,0017,042252,UTTARAKHAND,Rudraprayag,VILLAGE,Baraw Bichalla,Rural,22,83,36,47,15,5,10,0,0,0,0,0,0,52,29,23,31,7,24,13,11,2,70,25,45
05,058,0017,042253,UTTARAKHAND,Rudraprayag,VILLAGE,Baraw Malla,Rural,131,505,218,287,79,37,42,95,44,51,0,0,0,312,156,156,193,62,131,100,78,22,405,140,265
05,058,0017,042254,UTTARAKHAND,Rudraprayag,VILLAGE,Kinjani,Rural,219,1020,474,546,124,67,57,0,0,0,0,0,0,723,388,335,297,86,211,478,197,281,542,277,265
05,058,0017,042255,UTTARAKHAND,Rudraprayag,VILLAGE,Kyark Barsuri,Rural,204,934,406,528,149,78,71,224,108,116,0,0,0,604,298,306,330,108,222,463,177,286,471,229,242
05,058,0017,042256,UTTARAKHAND,Rudraprayag,VILLAGE,Naini Pondar,Rural,64,325,157,168,43,24,19,0,0,0,0,0,0,232,128,104,93,29,64,156,70,86,169,87,82
05,058,0017,042257,UTTARAKHAND,Rudraprayag,VILLAGE,Sangur,Rural,43,173,72,101,20,10,10,0,0,0,0,0,0,122,61,61,51,11,40,63,23,40,110,49,61
05,058,0017,042258,UTTARAKHAND,Rudraprayag,VILLAGE,Pali,Rural,64,286,130,156,36,22,14,17,8,9,0,0,0,209,103,106,77,27,50,174,75,99,112,55,57
05,058,0017,042259,UTTARAKHAND,Rudraprayag,VILLAGE,Ryasun,Rural,32,164,76,88,29,15,14,0,0,0,0,0,0,119,61,58,45,15,30,93,39,54,71,37,34
05,058,0017,042260,UTTARAKHAND,Rudraprayag,VILLAGE,Dalsingi,Rural,169,775,359,416,88,41,47,287,150,137,3,1,2,529,293,236,246,66,180,425,190,235,350,169,181
05,058,0017,042261,UTTARAKHAND,Rudraprayag,VILLAGE,Korl(Kaushalpur),Rural,98,407,196,211,54,31,23,273,140,133,0,0,0,293,155,138,114,41,73,193,86,107,214,110,104
05,058,0017,042262,UTTARAKHAND,Rudraprayag,VILLAGE,Kund,Rural,38,217,110,107,25,15,10,43,22,21,0,0,0,149,90,59,68,20,48,109,57,52,108,53,55
05,058,0017,042263,UTTARAKHAND,Rudraprayag,VILLAGE,Chandrapuri,Rural,39,201,99,102,25,12,13,135,65,70,0,0,0,150,82,68,51,17,34,83,34,49,118,65,53
05,058,0017,042264,UTTARAKHAND,Rudraprayag,VILLAGE,Gawni Chak Bachwar,Rural,1,5,3,2,0,0,0,0,0,0,0,0,0,5,3,2,0,0,0,2,1,1,3,2,1
05,058,0017,042265,UTTARAKHAND,Rudraprayag,VILLAGE,Matkhani,Rural,15,77,35,42,9,4,5,0,0,0,0,0,0,60,31,29,17,4,13,26,9,17,51,26,25
05,058,0017,042266,UTTARAKHAND,Rudraprayag,VILLAGE,Duwarkhu,Rural,10,56,22,34,10,4,6,0,0,0,0,0,0,42,17,25,14,5,9,22,10,12,34,12,22
05,058,0017,042267,UTTARAKHAND,Rudraprayag,VILLAGE,Bhatwari Sunar,Rural,103,433,206,227,52,34,18,20,9,11,3,3,0,336,169,167,97,37,60,174,79,95,259,127,132
05,058,0017,042268,UTTARAKHAND,Rudraprayag,VILLAGE,Naili,Rural,42,239,119,120,27,16,11,0,0,0,0,0,0,165,97,68,74,22,52,132,60,72,107,59,48
05,058,0017,042269,UTTARAKHAND,Rudraprayag,VILLAGE,Guna Kyark,Rural,11,57,32,25,1,0,1,20,13,7,0,0,0,50,32,18,7,0,7,31,16,15,26,16,10
05,058,0017,042270,UTTARAKHAND,Rudraprayag,VILLAGE,Phalai,Rural,214,929,440,489,128,69,59,268,128,140,0,0,0,688,360,328,241,80,161,344,169,175,585,271,314
05,058,0017,042271,UTTARAKHAND,Rudraprayag,VILLAGE,Hat,Rural,91,395,163,232,36,22,14,46,16,30,0,0,0,308,141,167,87,22,65,193,71,122,202,92,110
05,058,0017,042272,UTTARAKHAND,Rudraprayag,VILLAGE,Beru Bagar,Rural,0,0,0,0,0,0,0,0,0,0,0,0,0,0,0,0,0,0,0,0,0,0,0,0,0
05,058,0017,042273,UTTARAKHAND,Rudraprayag,VILLAGE,Koti,Rural,40,149,62,87,14,5,9,0,0,0,0,0,0,118,57,61,31,5,26,66,24,42,83,38,45
05,058,0017,042274,UTTARAKHAND,Rudraprayag,VILLAGE,Dangi,Rural,232,934,423,511,103,68,35,322,153,169,0,0,0,652,318,334,282,105,177,461,188,273,473,235,238
05,058,0017,042275,UTTARAKHAND,Rudraprayag,VILLAGE,Sogna,Rural,59,243,107,136,22,9,13,133,63,70,0,0,0,177,90,87,66,17,49,118,48,70,125,59,66
05,058,0017,042276,UTTARAKHAND,Rudraprayag,VILLAGE,Sindhata,Rural,92,380,187,193,52,30,22,69,37,32,0,0,0,264,149,115,116,38,78,214,99,115,166,88,78
05,058,0017,042277,UTTARAKHAND,Rudraprayag,VILLAGE,Dadoli,Rural,194,788,335,453,99,50,49,131,63,68,0,0,0,567,273,294,221,62,159,389,139,250,399,196,203
05,058,0017,042278,UTTARAKHAND,Rudraprayag,VILLAGE,Silla Baman Gaon,Rural,314,1391,658,733,213,119,94,727,355,372,3,1,2,949,499,450,442,159,283,599,274,325,792,384,408
05,058,0017,042279,UTTARAKHAND,Rudraprayag,VILLAGE,Gadanu,Rural,47,182,83,99,18,5,13,59,28,31,0,0,0,124,66,58,58,17,41,112,53,59,70,30,40
05,058,0017,042280,UTTARAKHAND,Rudraprayag,VILLAGE,Chamarara,Rural,14,47,22,25,4,2,2,0,0,0,0,0,0,40,20,20,7,2,5,23,10,13,24,12,12
05,058,0017,042281,UTTARAKHAND,Rudraprayag,VILLAGE,Mahardhar,Rural,34,160,88,72,16,9,7,109,60,49,0,0,0,124,77,47,36,11,25,57,31,26,103,57,46
05,058,0017,042282,UTTARAKHAND,Rudraprayag,VILLAGE,Ginwala,Rural,76,379,172,207,55,28,27,0,0,0,0,0,0,278,140,138,101,32,69,172,66,106,207,106,101
05,058,0017,042283,UTTARAKHAND,Rudraprayag,VILLAGE,Gabni Gaon,Rural,85,380,207,173,37,25,12,51,24,27,0,0,0,297,181,116,83,26,57,194,92,102,186,115,71
05,058,0017,042284,UTTARAKHAND,Rudraprayag,VILLAGE,Butola Gaon,Rural,61,253,110,143,34,17,17,1,1,0,0,0,0,198,93,105,55,17,38,124,54,70,129,56,73
05,058,0017,042285,UTTARAKHAND,Rudraprayag,VILLAGE,Kakola,Rural,30,141,68,73,16,10,6,0,0,0,0,0,0,109,58,51,32,10,22,56,28,28,85,40,45
05,058,0017,042286,UTTARAKHAND,Rudraprayag,VILLAGE,Gugali,Rural,30,114,46,68,9,6,3,0,0,0,0,0,0,81,40,41,33,6,27,64,23,41,50,23,27
05,058,0017,042287,UTTARAKHAND,Rudraprayag,VILLAGE,Mahar Gaon,Rural,14,80,47,33,8,5,3,41,23,18,0,0,0,62,40,22,18,7,11,39,20,19,41,27,14
05,058,0017,042288,UTTARAKHAND,Rudraprayag,VILLAGE,Shishi,Rural,39,178,80,98,27,16,11,0,0,0,0,0,0,129,63,66,49,17,32,99,39,60,79,41,38
05,058,0017,042289,UTTARAKHAND,Rudraprayag,VILLAGE,Tondala,Rural,126,489,219,270,70,41,29,5,2,3,0,0,0,298,155,143,191,64,127,264,101,163,225,118,107
05,058,0017,042290,UTTARAKHAND,Rudraprayag,VILLAGE,Kala Kot,Rural,35,168,84,84,21,9,12,5,3,2,0,0,0,133,73,60,35,11,24,86,41,45,82,43,39
05,058,0017,042291,UTTARAKHAND,Rudraprayag,VILLAGE,Dhar,Rural,46,207,97,110,22,9,13,0,0,0,0,0,0,138,80,58,69,17,52,106,45,61,101,52,49
05,058,0017,042292,UTTARAKHAND,Rudraprayag,VILLAGE,Pillu ,Rural,116,507,215,292,65,34,31,73,39,34,0,0,0,366,174,192,141,41,100,114,77,37,393,138,255
05,058,0017,042293,UTTARAKHAND,Rudraprayag,VILLAGE,Jahangi,Rural,80,332,135,197,51,28,23,0,0,0,0,0,0,227,103,124,105,32,73,109,31,78,223,104,119
05,058,0017,042294,UTTARAKHAND,Rudraprayag,VILLAGE,Toliyon,Rural,39,175,82,93,21,12,9,119,55,64,0,0,0,127,68,59,48,14,34,76,29,47,99,53,46
05,058,0017,042295,UTTARAKHAND,Rudraprayag,VILLAGE,Tilsari,Rural,44,153,63,90,28,12,16,19,12,7,0,0,0,105,48,57,48,15,33,72,29,43,81,34,47
05,058,0017,042296,UTTARAKHAND,Rudraprayag,VILLAGE,Onga Laga Kamsal,Rural,22,90,41,49,13,6,7,0,0,0,0,0,0,65,34,31,25,7,18,34,13,21,56,28,28
05,058,0017,042297,UTTARAKHAND,Rudraprayag,VILLAGE,Kamsal,Rural,144,632,311,321,98,52,46,462,225,237,0,0,0,402,225,177,230,86,144,269,127,142,363,184,179
05,058,0017,042298,UTTARAKHAND,Rudraprayag,VILLAGE,Jagoth,Rural,147,658,329,329,80,40,40,341,178,163,0,0,0,474,280,194,184,49,135,126,118,8,532,211,321
05,058,0017,042299,UTTARAKHAND,Rudraprayag,VILLAGE,Banjgadu,Rural,34,139,61,78,12,7,5,10,5,5,0,0,0,101,53,48,38,8,30,59,17,42,80,44,36
05,058,0017,042320,UTTARAKHAND,Rudraprayag,VILLAGE,Narkota,Rural,83,357,165,192,45,21,24,16,7,9,0,0,0,268,141,127,89,24,65,176,85,91,181,80,101
05,058,0017,042321,UTTARAKHAND,Rudraprayag,VILLAGE,Naugaon Laga Bolani,Rural,14,59,26,33,11,6,5,0,0,0,0,0,0,41,20,21,18,6,12,22,12,10,37,14,23
05,058,0017,042322,UTTARAKHAND,Rudraprayag,VILLAGE,Khankra,Rural,24,94,39,55,18,10,8,2,1,1,0,0,0,69,29,40,25,10,15,43,19,24,51,20,31
05,058,0017,042323,UTTARAKHAND,Rudraprayag,VILLAGE,Dejimanda,Rural,35,143,72,71,17,12,5,9,5,4,0,0,0,107,55,52,36,17,19,70,37,33,73,35,38
05,058,0017,042324,UTTARAKHAND,Rudraprayag,VILLAGE,Chantikhal,Rural,5,30,17,13,2,1,1,0,0,0,0,0,0,25,15,10,5,2,3,16,8,8,14,9,5
05,058,0017,042325,UTTARAKHAND,Rudraprayag,VILLAGE,Sirobagarh,Rural,1,4,1,3,0,0,0,0,0,0,0,0,0,4,1,3,0,0,0,3,1,2,1,0,1
05,058,0017,042326,UTTARAKHAND,Rudraprayag,VILLAGE,Sunau,Rural,30,128,64,64,20,11,9,0,0,0,0,0,0,87,50,37,41,14,27,50,28,22,78,36,42
05,058,0017,042327,UTTARAKHAND,Rudraprayag,VILLAGE,Rampur,Rural,39,197,100,97,26,13,13,38,15,23,0,0,0,138,77,61,59,23,36,94,44,50,103,56,47
05,058,0017,042328,UTTARAKHAND,Rudraprayag,VILLAGE,Fateh Pur,Rural,43,159,69,90,19,9,10,7,2,5,0,0,0,117,60,57,42,9,33,81,29,52,78,40,38
05,058,0017,042329,UTTARAKHAND,Rudraprayag,VILLAGE,Badion,Rural,9,33,11,22,6,1,5,0,0,0,0,0,0,23,10,13,10,1,9,22,9,13,11,2,9
05,058,0017,042330,UTTARAKHAND,Rudraprayag,VILLAGE,Kleth,Rural,28,97,45,52,12,8,4,4,3,1,0,0,0,68,36,32,29,9,20,66,29,37,31,16,15
05,058,0017,042331,UTTARAKHAND,Rudraprayag,VILLAGE,Mar Gaon,Rural,10,56,25,31,8,6,2,32,15,17,0,0,0,37,18,19,19,7,12,3,3,0,53,22,31
05,058,0017,042332,UTTARAKHAND,Rudraprayag,VILLAGE,Nishni,Rural,14,58,26,32,9,5,4,13,5,8,0,0,0,41,20,21,17,6,11,19,11,8,39,15,24
05,058,0017,042333,UTTARAKHAND,Rudraprayag,VILLAGE,Chamiun,Rural,3,11,4,7,2,0,2,0,0,0,0,0,0,8,4,4,3,0,3,1,1,0,10,3,7
05,058,0017,042334,UTTARAKHAND,Rudraprayag,VILLAGE,Pandhara,Rural,15,66,26,40,5,3,2,16,7,9,0,0,0,53,22,31,13,4,9,31,13,18,35,13,22
05,058,0017,042335,UTTARAKHAND,Rudraprayag,VILLAGE,Bagoli Talli,Rural,16,54,23,31,3,1,2,0,0,0,0,0,0,44,22,22,10,1,9,21,5,16,33,18,15
05,058,0017,042336,UTTARAKHAND,Rudraprayag,VILLAGE,Lauegarh,Rural,7,22,9,13,0,0,0,0,0,0,0,0,0,15,9,6,7,0,7,13,5,8,9,4,5
05,058,0017,042337,UTTARAKHAND,Rudraprayag,VILLAGE,Shiv Puri,Rural,17,69,26,43,8,3,5,3,2,1,0,0,0,46,21,25,23,5,18,33,6,27,36,20,16
05,058,0017,042338,UTTARAKHAND,Rudraprayag,VILLAGE,Bam Siv,Rural,83,338,143,195,43,22,21,49,23,26,0,0,0,233,119,114,105,24,81,165,63,102,173,80,93
05,058,0017,042339,UTTARAKHAND,Rudraprayag,VILLAGE,Gangu Laga Dunga,Rural,1,2,1,1,0,0,0,2,1,1,0,0,0,1,1,0,1,0,1,2,1,1,0,0,0
05,058,0017,042340,UTTARAKHAND,Rudraprayag,VILLAGE,Dungra,Rural,168,676,273,403,86,50,36,39,16,23,0,0,0,438,211,227,238,62,176,290,106,184,386,167,219
05,058,0017,042341,UTTARAKHAND,Rudraprayag,VILLAGE,Vara,Rural,35,160,67,93,22,13,9,0,0,0,0,0,0,113,51,62,47,16,31,72,28,44,88,39,49
05,058,0017,042342,UTTARAKHAND,Rudraprayag,VILLAGE,Garh Khoon Lagatanthi,Rural,0,0,0,0,0,0,0,0,0,0,0,0,0,0,0,0,0,0,0,0,0,0,0,0,0
05,058,0017,042343,UTTARAKHAND,Rudraprayag,VILLAGE,Chatora,Rural,37,163,75,88,17,9,8,33,14,19,0,0,0,120,66,54,43,9,34,92,39,53,71,36,35
05,058,0017,042344,UTTARAKHAND,Rudraprayag,VILLAGE,Chauthala,Rural,34,119,45,74,14,7,7,0,0,0,0,0,0,78,37,41,41,8,33,62,21,41,57,24,33
05,058,0017,042345,UTTARAKHAND,Rudraprayag,VILLAGE,Bagoli Malli,Rural,20,67,35,32,7,7,0,0,0,0,0,0,0,50,28,22,17,7,10,34,14,20,33,21,12
05,058,0017,042346,UTTARAKHAND,Rudraprayag,VILLAGE,Dhamini,Rural,8,24,10,14,1,1,0,0,0,0,0,0,0,18,9,9,6,1,5,10,3,7,14,7,7
05,058,0017,042347,UTTARAKHAND,Rudraprayag,VILLAGE,Khabar Sera,Rural,2,13,6,7,1,0,1,0,0,0,0,0,0,11,6,5,2,0,2,7,3,4,6,3,3
05,058,0017,042348,UTTARAKHAND,Rudraprayag,VILLAGE,Molchada,Rural,14,56,30,26,2,2,0,0,0,0,0,0,0,43,27,16,13,3,10,24,8,16,32,22,10
05,058,0017,042349,UTTARAKHAND,Rudraprayag,VILLAGE,Kathet Gaon,Rural,16,56,24,32,8,2,6,2,1,1,0,0,0,38,21,17,18,3,15,36,16,20,20,8,12
05,058,0017,042350,UTTARAKHAND,Rudraprayag,VILLAGE,Batoli,Rural,17,68,26,42,12,5,7,0,0,0,0,0,0,47,21,26,21,5,16,30,6,24,38,20,18
05,058,0017,042351,UTTARAKHAND,Rudraprayag,VILLAGE,Shri Kot Lagga Dugra,Rural,23,116,43,73,26,7,19,105,38,67,0,0,0,61,28,33,55,15,40,59,23,36,57,20,37
05,058,0017,042352,UTTARAKHAND,Rudraprayag,VILLAGE,Janta,Rural,19,84,35,49,18,7,11,0,0,0,0,0,0,49,25,24,35,10,25,46,21,25,38,14,24
05,058,0017,042353,UTTARAKHAND,Rudraprayag,VILLAGE,Deval Urf Bairagana,Rural,11,44,15,29,0,0,0,0,0,0,0,0,0,32,13,19,12,2,10,18,5,13,26,10,16
05,058,0017,042354,UTTARAKHAND,Rudraprayag,VILLAGE,Sigawal Gaon,Rural,17,82,40,42,14,8,6,29,14,15,0,0,0,53,30,23,29,10,19,54,28,26,28,12,16
05,058,0017,042355,UTTARAKHAND,Rudraprayag,VILLAGE,Kandai,Rural,47,179,81,98,27,12,15,64,29,35,4,3,1,124,63,61,55,18,37,81,33,48,98,48,50
05,058,0017,042356,UTTARAKHAND,Rudraprayag,VILLAGE,Nau Gaon Singhwal Gaon,Rural,5,15,5,10,1,0,1,0,0,0,0,0,0,10,5,5,5,0,5,6,2,4,9,3,6
05,058,0017,042357,UTTARAKHAND,Rudraprayag,VILLAGE,Dhingani,Rural,5,11,6,5,0,0,0,0,0,0,0,0,0,8,6,2,3,0,3,4,1,3,7,5,2
05,058,0017,042358,UTTARAKHAND,Rudraprayag,VILLAGE,Nawasu,Rural,207,837,386,451,112,62,50,252,133,119,0,0,0,587,297,290,250,89,161,209,94,115,628,292,336
05,058,0017,042359,UTTARAKHAND,Rudraprayag,VILLAGE,Moltha,Rural,10,41,19,22,6,4,2,0,0,0,0,0,0,32,14,18,9,5,4,1,1,0,40,18,22
05,058,0017,042360,UTTARAKHAND,Rudraprayag,VILLAGE,Gahad,Rural,3,15,9,6,4,3,1,0,0,0,0,0,0,9,6,3,6,3,3,9,5,4,6,4,2
05,058,0017,042361,UTTARAKHAND,Rudraprayag,VILLAGE,Juthanwas,Rural,62,271,115,156,32,16,16,63,27,36,8,3,5,185,88,97,86,27,59,102,30,72,169,85,84
05,058,0017,042362,UTTARAKHAND,Rudraprayag,VILLAGE,Nauna,Rural,27,104,45,59,11,7,4,22,9,13,0,0,0,74,36,38,30,9,21,45,18,27,59,27,32
05,058,0017,042363,UTTARAKHAND,Rudraprayag,VILLAGE,Dan Kot,Rural,67,231,104,127,28,14,14,80,39,41,0,0,0,168,86,82,63,18,45,143,71,72,88,33,55
05,058,0017,042364,UTTARAKHAND,Rudraprayag,VILLAGE,Barsuri,Rural,53,193,86,107,18,9,9,14,7,7,0,0,0,128,72,56,65,14,51,108,46,62,85,40,45
05,058,0017,042365,UTTARAKHAND,Rudraprayag,VILLAGE,Musyagaon,Rural,34,131,57,74,34,17,17,19,9,10,0,0,0,76,38,38,55,19,36,66,30,36,65,27,38
05,058,0017,042366,UTTARAKHAND,Rudraprayag,VILLAGE,Kulatoli,Rural,0,0,0,0,0,0,0,0,0,0,0,0,0,0,0,0,0,0,0,0,0,0,0,0,0
05,058,0017,042367,UTTARAKHAND,Rudraprayag,VILLAGE,Aak Sera,Rural,12,55,23,32,9,5,4,0,0,0,0,0,0,36,17,19,19,6,13,21,7,14,34,16,18
05,058,0017,042368,UTTARAKHAND,Rudraprayag,VILLAGE,Mahendra Bagoli,Rural,47,194,82,112,21,8,13,6,2,4,0,0,0,139,71,68,55,11,44,89,35,54,105,47,58
05,058,0017,042369,UTTARAKHAND,Rudraprayag,VILLAGE,Kamoldi,Rural,60,263,125,138,43,23,20,144,74,70,0,0,0,181,97,84,82,28,54,131,54,77,132,71,61
05,058,0017,042370,UTTARAKHAND,Rudraprayag,VILLAGE,Pipli,Rural,130,560,241,319,74,37,37,209,89,120,1,1,0,367,185,182,193,56,137,266,111,155,294,130,164
05,058,0017,042371,UTTARAKHAND,Rudraprayag,VILLAGE,Dobha Doblaga Kafoli,Rural,8,41,18,23,6,2,4,6,4,2,0,0,0,24,13,11,17,5,12,22,10,12,19,8,11
05,058,0017,042372,UTTARAKHAND,Rudraprayag,VILLAGE,Sakhrori,Rural,58,245,108,137,31,18,13,0,0,0,0,0,0,114,63,51,131,45,86,98,32,66,147,76,71
05,058,0017,042373,UTTARAKHAND,Rudraprayag,VILLAGE,Ban Gaon Talla,Rural,63,305,130,175,55,30,25,75,32,43,1,0,1,174,93,81,131,37,94,145,46,99,160,84,76
05,058,0017,042374,UTTARAKHAND,Rudraprayag,VILLAGE,Dhar Kot,Rural,47,201,81,120,36,18,18,36,18,18,0,0,0,105,50,55,96,31,65,98,29,69,103,52,51
05,058,0017,042375,UTTARAKHAND,Rudraprayag,VILLAGE,Syoni,Rural,53,195,81,114,24,12,12,0,0,0,0,0,0,133,65,68,62,16,46,97,34,63,98,47,51
05,058,0017,042376,UTTARAKHAND,Rudraprayag,VILLAGE,Shyal Khet,Rural,22,103,48,55,26,18,8,75,35,40,0,0,0,62,28,34,41,20,21,54,20,34,49,28,21
05,058,0017,042377,UTTARAKHAND,Rudraprayag,VILLAGE,Koli,Rural,101,430,190,240,62,34,28,70,33,37,6,2,4,274,143,131,156,47,109,256,98,158,174,92,82
05,058,0017,042378,UTTARAKHAND,Rudraprayag,VILLAGE,Surari,Rural,58,219,107,112,21,15,6,50,24,26,0,0,0,155,87,68,64,20,44,121,52,69,98,55,43
05,058,0017,042379,UTTARAKHAND,Rudraprayag,VILLAGE,Thendi,Rural,65,223,88,135,30,14,16,18,10,8,0,0,0,139,71,68,84,17,67,107,37,70,116,51,65
05,058,0017,042380,UTTARAKHAND,Rudraprayag,VILLAGE,Jutai,Rural,33,175,63,112,19,7,12,33,14,19,0,0,0,117,51,66,58,12,46,80,27,53,95,36,59
05,058,0017,042381,UTTARAKHAND,Rudraprayag,VILLAGE,Margaon ,Rural,65,260,114,146,35,18,17,68,35,33,0,0,0,162,86,76,98,28,70,151,57,94,109,57,52
05,058,0017,042382,UTTARAKHAND,Rudraprayag,VILLAGE,Afrai Khet,Rural,16,72,35,37,9,5,4,0,0,0,0,0,0,56,30,26,16,5,11,39,16,23,33,19,14
05,058,0017,042383,UTTARAKHAND,Rudraprayag,VILLAGE,Dhankot/ Kandadhar,Rural,27,111,51,60,15,7,8,0,0,0,0,0,0,72,42,30,39,9,30,37,18,19,74,33,41
05,058,0017,042384,UTTARAKHAND,Rudraprayag,VILLAGE,Naukhu,Rural,20,87,40,47,6,4,2,0,0,0,0,0,0,58,32,26,29,8,21,45,21,24,42,19,23
05,058,0017,042385,UTTARAKHAND,Rudraprayag,VILLAGE,Baneta Laga Syuni,Rural,0,0,0,0,0,0,0,0,0,0,0,0,0,0,0,0,0,0,0,0,0,0,0,0,0
05,058,0017,042386,UTTARAKHAND,Rudraprayag,VILLAGE,Barkot,Rural,14,47,20,27,5,3,2,3,1,2,0,0,0,35,16,19,12,4,8,17,7,10,30,13,17
05,058,0017,042387,UTTARAKHAND,Rudraprayag,VILLAGE,Pata,Rural,81,357,153,204,64,32,32,36,19,17,0,0,0,211,112,99,146,41,105,166,61,105,191,92,99
05,058,0017,042388,UTTARAKHAND,Rudraprayag,VILLAGE,Bansue,Rural,92,450,173,277,90,51,39,68,29,39,0,0,0,245,103,142,205,70,135,214,72,142,236,101,135
05,058,0017,042389,UTTARAKHAND,Rudraprayag,VILLAGE,Nakar,Rural,4,8,4,4,3,3,0,0,0,0,0,0,0,5,1,4,3,3,0,2,0,2,6,4,2
05,058,0017,042390,UTTARAKHAND,Rudraprayag,VILLAGE,Ban Gaon Malla,Rural,23,128,59,69,20,11,9,0,0,0,0,0,0,77,42,35,51,17,34,77,31,46,51,28,23
05,058,0017,042391,UTTARAKHAND,Rudraprayag,VILLAGE,Jundoli,Rural,78,343,154,189,53,33,20,60,21,39,0,0,0,221,113,108,122,41,81,135,51,84,208,103,105
05,058,0017,042405,UTTARAKHAND,Rudraprayag,VILLAGE,Bhains Gaon,Rural,49,245,128,117,27,15,12,0,0,0,0,0,0,171,103,68,74,25,49,9,8,1,236,120,116
05,058,0017,042406,UTTARAKHAND,Rudraprayag,VILLAGE,Pola,Rural,37,129,59,70,15,7,8,44,24,20,0,0,0,82,49,33,47,10,37,20,16,4,109,43,66
05,058,0017,042407,UTTARAKHAND,Rudraprayag,VILLAGE,Nari,Rural,127,578,255,323,79,39,40,0,0,0,0,0,0,398,202,196,180,53,127,269,91,178,309,164,145
05,058,0017,042408,UTTARAKHAND,Rudraprayag,VILLAGE,Syund Dhamak,Rural,68,226,98,128,15,9,6,0,0,0,0,0,0,181,89,92,45,9,36,98,32,66,128,66,62
05,058,0017,042409,UTTARAKHAND,Rudraprayag,VILLAGE,Satera,Rural,150,640,284,356,79,45,34,56,26,30,0,0,0,462,232,230,178,52,126,150,108,42,490,176,314
05,058,0017,042410,UTTARAKHAND,Rudraprayag,VILLAGE,Shyupuri,Rural,204,931,449,482,158,75,83,337,171,166,0,0,0,652,358,294,279,91,188,396,229,167,535,220,315
05,058,0017,042411,UTTARAKHAND,Rudraprayag,VILLAGE,Khatyana,Rural,77,284,124,160,34,22,12,0,0,0,0,0,0,205,100,105,79,24,55,146,48,98,138,76,62
05,058,0017,042412,UTTARAKHAND,Rudraprayag,VILLAGE,Bauthal Laga Khatyana,Rural,33,129,62,67,6,3,3,0,0,0,0,0,0,101,59,42,28,3,25,119,57,62,10,5,5
05,058,0017,042413,UTTARAKHAND,Rudraprayag,VILLAGE,Sandar,Rural,84,375,186,189,38,19,19,0,0,0,0,0,0,276,160,116,99,26,73,196,94,102,179,92,87
05,058,0017,042414,UTTARAKHAND,Rudraprayag,VILLAGE,Kando Laga Darmbari,Rural,4,14,8,6,0,0,0,0,0,0,0,0,0,12,8,4,2,0,2,7,3,4,7,5,2
05,058,0017,042415,UTTARAKHAND,Rudraprayag,VILLAGE,Darmwari,Rural,74,287,123,164,28,15,13,121,54,67,1,0,1,225,106,119,62,17,45,117,41,76,170,82,88
05,058,0017,042416,UTTARAKHAND,Rudraprayag,VILLAGE,Kyark Nandala,Rural,40,166,78,88,19,9,10,0,0,0,0,0,0,131,67,64,35,11,24,106,49,57,60,29,31
05,058,0017,042417,UTTARAKHAND,Rudraprayag,VILLAGE,San,Rural,46,167,81,86,15,6,9,0,0,0,0,0,0,143,74,69,24,7,17,81,28,53,86,53,33
05,058,0017,042418,UTTARAKHAND,Rudraprayag,VILLAGE,Dhaulsari,Rural,38,148,60,88,15,6,9,0,0,0,0,0,0,99,52,47,49,8,41,110,46,64,38,14,24
05,058,0017,042419,UTTARAKHAND,Rudraprayag,VILLAGE,Amdala,Rural,40,146,62,84,12,6,6,4,1,3,0,0,0,111,52,59,35,10,25,90,37,53,56,25,31
05,058,0017,042420,UTTARAKHAND,Rudraprayag,VILLAGE,Dhureli,Rural,37,182,69,113,31,15,16,0,0,0,0,0,0,127,53,74,55,16,39,67,32,35,115,37,78
05,058,0017,042421,UTTARAKHAND,Rudraprayag,VILLAGE,Kameda,Rural,112,448,181,267,54,25,29,138,55,83,0,0,0,316,151,165,132,30,102,226,72,154,222,109,113
05,058,0017,042422,UTTARAKHAND,Rudraprayag,VILLAGE,Benji,Rural,38,128,59,69,10,5,5,63,33,30,0,0,0,94,53,41,34,6,28,26,19,7,102,40,62
05,058,0017,042423,UTTARAKHAND,Rudraprayag,VILLAGE,Gangtal,Rural,36,169,101,68,17,8,9,14,7,7,1,1,0,126,81,45,43,20,23,98,67,31,71,34,37
05,058,0017,042424,UTTARAKHAND,Rudraprayag,VILLAGE,Dangi,Rural,47,127,44,83,5,3,2,0,0,0,0,0,0,91,39,52,36,5,31,55,18,37,72,26,46
05,058,0017,042425,UTTARAKHAND,Rudraprayag,VILLAGE,Rampur,Rural,59,297,157,140,37,23,14,54,36,18,0,0,0,195,109,86,102,48,54,135,80,55,162,77,85
05,058,0017,042426,UTTARAKHAND,Rudraprayag,VILLAGE,Gir Bhuter,Rural,256,1144,562,582,163,79,84,92,44,48,0,0,0,866,475,391,278,87,191,251,216,35,893,346,547
05,058,0017,042427,UTTARAKHAND,Rudraprayag,VILLAGE,Tilwara,Rural,89,455,232,223,50,31,19,123,56,67,0,0,0,366,196,170,89,36,53,116,93,23,339,139,200
05,058,0017,042428,UTTARAKHAND,Rudraprayag,VILLAGE,Methana Chhitoli,Rural,103,502,256,246,55,35,20,0,0,0,0,0,0,380,211,169,122,45,77,249,110,139,253,146,107
05,058,0017,042429,UTTARAKHAND,Rudraprayag,VILLAGE,Tamind,Rural,37,141,45,96,14,7,7,0,0,0,0,0,0,99,36,63,42,9,33,54,16,38,87,29,58
05,058,0017,042430,UTTARAKHAND,Rudraprayag,VILLAGE,Chauki Barsil,Rural,61,292,129,163,31,12,19,0,0,0,0,0,0,227,116,111,65,13,52,169,65,104,123,64,59
05,058,0017,042431,UTTARAKHAND,Rudraprayag,VILLAGE,Karndhar,Rural,29,110,47,63,21,10,11,0,0,0,0,0,0,72,37,35,38,10,28,50,16,34,60,31,29
05,058,0017,042432,UTTARAKHAND,Rudraprayag,VILLAGE,Gunaun,Rural,55,244,125,119,32,17,15,105,56,49,0,0,0,190,106,84,54,19,35,98,42,56,146,83,63
05,058,0017,042433,UTTARAKHAND,Rudraprayag,VILLAGE,Chopra,Rural,29,92,35,57,8,4,4,0,0,0,0,0,0,71,31,40,21,4,17,56,17,39,36,18,18
05,058,0017,042434,UTTARAKHAND,Rudraprayag,VILLAGE,Saurbhat Gaon,Rural,119,538,265,273,51,29,22,289,150,139,0,0,0,419,224,195,119,41,78,260,112,148,278,153,125
05,058,0017,042435,UTTARAKHAND,Rudraprayag,VILLAGE,Bandrikot,Rural,26,83,35,48,3,1,2,0,0,0,0,0,0,65,32,33,18,3,15,36,9,27,47,26,21
05,058,0017,042436,UTTARAKHAND,Rudraprayag,VILLAGE,Tolib,Rural,65,282,125,157,41,18,23,236,105,131,0,0,0,180,100,80,102,25,77,162,62,100,120,63,57
05,058,0017,042437,UTTARAKHAND,Rudraprayag,VILLAGE,Kumoli Malkoti,Rural,102,442,210,232,60,26,34,219,113,106,0,0,0,325,180,145,117,30,87,185,89,96,257,121,136
05,058,0017,042438,UTTARAKHAND,Rudraprayag,VILLAGE,Bawai,Rural,319,1285,563,722,176,91,85,406,181,225,0,0,0,879,452,427,406,111,295,760,286,474,525,277,248
05,058,0017,042439,UTTARAKHAND,Rudraprayag,VILLAGE,Bamoli,Rural,12,40,18,22,2,1,1,0,0,0,0,0,0,30,16,14,10,2,8,21,10,11,19,8,11
05,058,0017,042440,UTTARAKHAND,Rudraprayag,VILLAGE,Maikoti,Rural,100,347,152,195,37,20,17,151,70,81,0,0,0,261,128,133,86,24,62,179,62,117,168,90,78
05,058,0017,042441,UTTARAKHAND,Rudraprayag,VILLAGE,Thalasu,Rural,49,226,114,112,29,14,15,86,40,46,0,0,0,168,92,76,58,22,36,139,68,71,87,46,41
05,058,0017,042442,UTTARAKHAND,Rudraprayag,VILLAGE,Barsil Pawek,Rural,24,79,29,50,6,2,4,0,0,0,0,0,0,61,27,34,18,2,16,40,14,26,39,15,24
05,058,0017,042443,UTTARAKHAND,Rudraprayag,VILLAGE,Chamak,Rural,70,344,172,172,35,16,19,38,16,22,0,0,0,260,150,110,84,22,62,219,112,107,125,60,65
05,058,0017,042444,UTTARAKHAND,Rudraprayag,VILLAGE,Saury,Rural,61,260,115,145,35,16,19,0,0,0,0,0,0,199,96,103,61,19,42,147,63,84,113,52,61
05,058,0017,042445,UTTARAKHAND,Rudraprayag,VILLAGE,Silkot,Rural,12,61,30,31,9,3,6,0,0,0,0,0,0,46,27,19,15,3,12,17,12,5,44,18,26
05,058,0017,042446,UTTARAKHAND,Rudraprayag,VILLAGE,Chameli,Rural,48,240,116,124,32,13,19,182,88,94,0,0,0,173,97,76,67,19,48,102,51,51,138,65,73
05,058,0017,042447,UTTARAKHAND,Rudraprayag,VILLAGE,Amotha,Rural,94,498,279,219,61,34,27,0,0,0,0,0,0,386,227,159,112,52,60,173,135,38,325,144,181
05,058,0017,042448,UTTARAKHAND,Rudraprayag,VILLAGE,Baniyari,Rural,256,1100,547,553,113,59,54,216,107,109,4,3,1,929,480,449,171,67,104,457,302,155,643,245,398
05,058,0017,042449,UTTARAKHAND,Rudraprayag,VILLAGE,Nakot,Rural,882,3870,1975,1895,441,251,190,929,471,458,29,18,11,3151,1679,1472,719,296,423,1263,853,410,2607,1122,1485
05,058,0017,042450,UTTARAKHAND,Rudraprayag,VILLAGE,Bhausal,Rural,116,583,284,299,49,29,20,207,107,100,0,0,0,462,250,212,121,34,87,276,128,148,307,156,151
05,058,0017,042451,UTTARAKHAND,Rudraprayag,VILLAGE,Rumsi,Rural,165,698,318,380,81,54,27,140,73,67,0,0,0,482,248,234,216,70,146,352,123,229,346,195,151
05,058,0017,042452,UTTARAKHAND,Rudraprayag,VILLAGE,Bareth,Rural,30,139,66,73,15,7,8,60,30,30,0,0,0,100,56,44,39,10,29,49,30,19,90,36,54
05,058,0017,042453,UTTARAKHAND,Rudraprayag,VILLAGE,Malkhi,Rural,78,315,147,168,33,14,19,0,0,0,0,0,0,240,129,111,75,18,57,81,56,25,234,91,143
05,058,0017,042454,UTTARAKHAND,Rudraprayag,VILLAGE,Bhatwari,Rural,55,216,95,121,20,9,11,55,19,36,0,0,0,167,81,86,49,14,35,67,50,17,149,45,104
05,058,0017,042455,UTTARAKHAND,Rudraprayag,VILLAGE,Managu,Rural,155,747,354,393,94,52,42,313,159,154,0,0,0,529,285,244,218,69,149,119,112,7,628,242,386
05,058,0017,042456,UTTARAKHAND,Rudraprayag,VILLAGE,Khalyo,Rural,21,117,56,61,13,7,6,0,0,0,0,0,0,89,48,41,28,8,20,93,43,50,24,13,11
05,058,0017,042457,UTTARAKHAND,Rudraprayag,VILLAGE,Syal Dobha,Rural,31,149,79,70,19,13,6,0,0,0,0,0,0,111,65,46,38,14,24,124,61,63,25,18,7
05,058,0017,042458,UTTARAKHAND,Rudraprayag,VILLAGE,Silli Sera,Rural,80,333,162,171,28,15,13,27,11,16,0,0,0,273,139,134,60,23,37,102,71,31,231,91,140
05,058,0017,042459,UTTARAKHAND,Rudraprayag,VILLAGE,Dobha,Rural,61,273,127,146,39,17,22,115,57,58,0,0,0,197,107,90,76,20,56,50,43,7,223,84,139
05,058,0017,042460,UTTARAKHAND,Rudraprayag,VILLAGE,Chond,Rural,30,77,28,49,2,2,0,0,0,0,0,0,0,46,26,20,31,2,29,59,20,39,18,8,10
05,058,0017,042461,UTTARAKHAND,Rudraprayag,VILLAGE,Bhatwari,Rural,24,94,49,45,13,11,2,0,0,0,0,0,0,73,36,37,21,13,8,39,15,24,55,34,21
05,058,0017,042462,UTTARAKHAND,Rudraprayag,VILLAGE,Urkholi,Rural,47,211,98,113,40,22,18,69,40,29,0,0,0,133,69,64,78,29,49,50,22,28,161,76,85
05,058,0017,042463,UTTARAKHAND,Rudraprayag,VILLAGE,Swari Gwans,Rural,270,1187,505,682,190,80,110,215,104,111,0,0,0,797,400,397,390,105,285,593,231,362,594,274,320
05,058,0017,042464,UTTARAKHAND,Rudraprayag,VILLAGE,Ghimtoli,Rural,57,217,114,103,20,7,13,8,4,4,6,3,3,166,105,61,51,9,42,119,63,56,98,51,47
05,058,0017,042465,UTTARAKHAND,Rudraprayag,VILLAGE,Kollu Bhannu,Rural,132,513,220,293,69,41,28,17,10,7,0,0,0,337,157,180,176,63,113,269,95,174,244,125,119
05,058,0017,042466,UTTARAKHAND,Rudraprayag,VILLAGE,Bachhani,Rural,27,124,60,64,13,6,7,29,13,16,0,0,0,96,52,44,28,8,20,70,29,41,54,31,23
05,058,0017,042467,UTTARAKHAND,Rudraprayag,VILLAGE,Gadil,Rural,34,164,84,80,19,10,9,0,0,0,0,0,0,130,73,57,34,11,23,90,40,50,74,44,30
05,058,0017,042468,UTTARAKHAND,Rudraprayag,VILLAGE,Phalasi,Rural,163,778,387,391,96,46,50,255,126,129,0,0,0,546,318,228,232,69,163,393,196,197,385,191,194
05,058,0017,042469,UTTARAKHAND,Rudraprayag,VILLAGE,Bora,Rural,204,916,430,486,110,57,53,512,246,266,0,0,0,686,355,331,230,75,155,477,200,277,439,230,209
05,058,0017,042470,UTTARAKHAND,Rudraprayag,VILLAGE,Gorna,Rural,95,338,144,194,48,25,23,0,0,0,0,0,0,225,116,109,113,28,85,150,49,101,188,95,93
05,058,0017,042471,UTTARAKHAND,Rudraprayag,VILLAGE,Malnaun,Rural,51,212,88,124,30,10,20,0,0,0,0,0,0,154,78,76,58,10,48,152,59,93,60,29,31
05,058,0017,042472,UTTARAKHAND,Rudraprayag,VILLAGE,Kunda Dankot,Rural,245,1081,510,571,155,79,76,381,191,190,0,0,0,793,413,380,288,97,191,528,246,282,553,264,289
05,058,0017,042473,UTTARAKHAND,Rudraprayag,VILLAGE,Tarag,Rural,99,416,179,237,66,25,41,129,56,73,0,0,0,273,142,131,143,37,106,178,65,113,238,114,124
05,058,0017,042474,UTTARAKHAND,Rudraprayag,VILLAGE,Kanda,Rural,30,143,64,79,23,14,9,0,0,0,0,0,0,95,50,45,48,14,34,93,37,56,50,27,23
05,058,0017,042475,UTTARAKHAND,Rudraprayag,VILLAGE,Kyuri,Rural,253,1070,466,604,135,77,58,113,58,55,0,0,0,732,374,358,338,92,246,514,211,303,556,255,301
05,058,0017,042476,UTTARAKHAND,Rudraprayag,VILLAGE,Lodala,Rural,76,315,149,166,40,21,19,87,49,38,0,0,0,218,120,98,97,29,68,178,70,108,137,79,58
05,058,0017,042477,UTTARAKHAND,Rudraprayag,VILLAGE,Gadsari,Rural,5,15,7,8,1,0,1,0,0,0,0,0,0,14,7,7,1,0,1,5,1,4,10,6,4
05,058,0017,042478,UTTARAKHAND,Rudraprayag,VILLAGE,Baridang,Rural,0,0,0,0,0,0,0,0,0,0,0,0,0,0,0,0,0,0,0,0,0,0,0,0,0
05,058,0017,042479,UTTARAKHAND,Rudraprayag,VILLAGE,Jakhni,Rural,118,493,238,255,55,28,27,33,19,14,0,0,0,366,199,167,127,39,88,297,132,165,196,106,90
05,058,0017,042480,UTTARAKHAND,Rudraprayag,VILLAGE,Chamswara,Rural,81,348,156,192,54,30,24,47,23,24,0,0,0,220,109,111,128,47,81,158,64,94,190,92,98
05,058,0017,042481,UTTARAKHAND,Rudraprayag,VILLAGE,Patal Laga Kothagi,Rural,1,3,1,2,1,1,0,0,0,0,0,0,0,1,0,1,2,1,1,1,0,1,2,1,1
05,058,0017,042482,UTTARAKHAND,Rudraprayag,VILLAGE,Gadmil,Rural,76,283,99,184,35,13,22,0,0,0,0,0,0,182,82,100,101,17,84,130,34,96,153,65,88
05,058,0017,042483,UTTARAKHAND,Rudraprayag,VILLAGE,Semal Sari,Rural,20,102,38,64,15,7,8,0,0,0,0,0,0,70,31,39,32,7,25,50,15,35,52,23,29
05,058,0017,042484,UTTARAKHAND,Rudraprayag,VILLAGE,Chapar,Rural,107,513,226,287,67,32,35,173,83,90,0,0,0,355,176,179,158,50,108,359,151,208,154,75,79
05,058,0017,042485,UTTARAKHAND,Rudraprayag,VILLAGE,Dungari,Rural,106,458,207,251,67,37,30,108,52,56,0,0,0,280,153,127,178,54,124,134,88,46,324,119,205
05,058,0017,042486,UTTARAKHAND,Rudraprayag,VILLAGE,Bajyun,Rural,81,405,193,212,50,30,20,107,58,49,0,0,0,293,155,138,112,38,74,208,94,114,197,99,98
05,058,0017,042487,UTTARAKHAND,Rudraprayag,VILLAGE,Utarasu,Rural,36,170,72,98,28,15,13,0,0,0,0,0,0,105,52,53,65,20,45,84,29,55,86,43,43
05,058,0017,042488,UTTARAKHAND,Rudraprayag,VILLAGE,Jondala,Rural,34,156,75,81,21,11,10,0,0,0,0,0,0,118,62,56,38,13,25,96,42,54,60,33,27
05,058,0017,042489,UTTARAKHAND,Rudraprayag,VILLAGE,Temana,Rural,24,93,36,57,11,4,7,0,0,0,0,0,0,62,30,32,31,6,25,35,11,24,58,25,33
05,058,0017,042490,UTTARAKHAND,Rudraprayag,VILLAGE,Pali Jaikhanda,Rural,40,138,61,77,14,6,8,17,7,10,0,0,0,108,55,53,30,6,24,46,24,22,92,37,55
05,058,0017,042491,UTTARAKHAND,Rudraprayag,VILLAGE,Dewlakh,Rural,38,139,67,72,13,6,7,0,0,0,0,0,0,103,61,42,36,6,30,76,32,44,63,35,28
05,058,0017,042492,UTTARAKHAND,Rudraprayag,VILLAGE,Sarqu,Rural,63,211,89,122,28,12,16,52,26,26,0,0,0,151,76,75,60,13,47,122,39,83,89,50,39
05,058,0017,042493,UTTARAKHAND,Rudraprayag,VILLAGE,Gandhari,Rural,141,594,232,362,88,45,43,53,25,28,0,0,0,396,175,221,198,57,141,291,99,192,303,133,170
05,058,0017,042494,UTTARAKHAND,Rudraprayag,VILLAGE,Bhainsari,Rural,19,74,28,46,5,4,1,7,2,5,0,0,0,54,24,30,20,4,16,41,13,28,33,15,18
05,058,0017,042495,UTTARAKHAND,Rudraprayag,VILLAGE,Pali Talli,Rural,28,123,63,60,12,7,5,13,6,7,0,0,0,105,56,49,18,7,11,39,25,14,84,38,46
05,058,0017,042496,UTTARAKHAND,Rudraprayag,VILLAGE,Pali Malli,Rural,16,75,35,40,5,3,2,0,0,0,0,0,0,58,31,27,17,4,13,20,10,10,55,25,30
05,058,0017,042497,UTTARAKHAND,Rudraprayag,VILLAGE,Chopara,Rural,67,264,127,137,21,16,5,20,11,9,0,0,0,215,106,109,49,21,28,75,48,27,189,79,110
05,058,0017,042498,UTTARAKHAND,Rudraprayag,VILLAGE,Kurjhan,Rural,87,339,149,190,45,27,18,162,78,84,0,0,0,259,120,139,80,29,51,169,64,105,170,85,85
05,058,0017,042499,UTTARAKHAND,Rudraprayag,VILLAGE,Kwili,Rural,110,468,220,248,65,30,35,355,170,185,0,0,0,307,172,135,161,48,113,227,85,142,241,135,106
05,058,0017,042500,UTTARAKHAND,Rudraprayag,VILLAGE,Dharkot,Rural,86,383,160,223,55,23,32,159,63,96,0,0,0,268,131,137,115,29,86,177,60,117,206,100,106
05,058,0017,042501,UTTARAKHAND,Rudraprayag,VILLAGE,Bhair Gaon,Rural,16,64,29,35,8,3,5,16,10,6,0,0,0,48,25,23,16,4,12,30,9,21,34,20,14
05,058,0017,042502,UTTARAKHAND,Rudraprayag,VILLAGE,Nirwali,Rural,26,87,34,53,15,10,5,0,0,0,0,0,0,63,23,40,24,11,13,39,14,25,48,20,28
05,058,0017,042503,UTTARAKHAND,Rudraprayag,VILLAGE,Jhirmoli,Rural,6,15,11,4,3,1,2,0,0,0,0,0,0,12,10,2,3,1,2,12,10,2,3,1,2
05,058,0017,042504,UTTARAKHAND,Rudraprayag,VILLAGE,Punar,Rural,91,428,217,211,43,25,18,54,22,32,0,0,0,341,183,158,87,34,53,262,143,119,166,74,92
05,058,0017,042505,UTTARAKHAND,Rudraprayag,VILLAGE,Barsu,Rural,1,11,3,8,4,2,2,0,0,0,0,0,0,7,1,6,4,2,2,4,0,4,7,3,4
05,058,0017,042506,UTTARAKHAND,Rudraprayag,VILLAGE,Toona,Rural,169,736,304,432,90,45,45,125,48,77,0,0,0,501,239,262,235,65,170,493,185,308,243,119,124
05,058,0017,042507,UTTARAKHAND,Rudraprayag,VILLAGE,Gwar Thapali,Rural,114,493,207,286,64,31,33,18,9,9,0,0,0,314,161,153,179,46,133,217,74,143,276,133,143
05,058,0017,042508,UTTARAKHAND,Rudraprayag,VILLAGE,Lameri,Rural,47,181,72,109,21,13,8,0,0,0,0,0,0,113,53,60,68,19,49,94,27,67,87,45,42
05,058,0017,042509,UTTARAKHAND,Rudraprayag,VILLAGE,Tilani,Rural,24,103,47,56,16,10,6,44,24,20,0,0,0,74,36,38,29,11,18,49,20,29,54,27,27
05,058,0017,042510,UTTARAKHAND,Rudraprayag,VILLAGE,Sumerpur,Rural,35,144,56,88,26,18,8,0,0,0,0,0,0,94,37,57,50,19,31,67,16,51,77,40,37
05,058,0017,042511,UTTARAKHAND,Rudraprayag,VILLAGE,Dungri,Rural,39,152,64,88,15,9,6,1,1,0,19,10,9,117,53,64,35,11,24,86,36,50,66,28,38
05,058,0017,042512,UTTARAKHAND,Rudraprayag,VILLAGE,Lugai,Rural,11,39,18,21,5,4,1,0,0,0,0,0,0,30,14,16,9,4,5,28,12,16,11,6,5
05,058,0017,042513,UTTARAKHAND,Rudraprayag,VILLAGE,Ratura,Rural,416,1785,878,907,234,133,101,582,302,280,16,12,4,1328,723,605,457,155,302,651,373,278,1134,505,629
05,058,0017,042514,UTTARAKHAND,Rudraprayag,VILLAGE,Dhartoli,Rural,4,10,5,5,0,0,0,0,0,0,0,0,0,7,5,2,3,0,3,9,4,5,1,1,0
05,058,0017,042515,UTTARAKHAND,Rudraprayag,VILLAGE,Pokhari,Rural,46,234,115,119,35,18,17,154,75,79,0,0,0,161,88,73,73,27,46,131,65,66,103,50,53
05,058,0017,042516,UTTARAKHAND,Rudraprayag,VILLAGE,Gadora,Rural,83,333,144,189,38,22,16,49,26,23,0,0,0,242,117,125,91,27,64,60,50,10,273,94,179
05,058,0017,042517,UTTARAKHAND,Rudraprayag,VILLAGE,Bankhil,Rural,19,69,31,38,12,7,5,5,3,2,0,0,0,41,23,18,28,8,20,44,17,27,25,14,11
05,058,0017,042518,UTTARAKHAND,Rudraprayag,VILLAGE,Kalana,Rural,110,480,235,245,56,35,21,228,112,116,0,0,0,346,192,154,134,43,91,263,111,152,217,124,93
05,058,0017,042519,UTTARAKHAND,Rudraprayag,VILLAGE,Saur Laga Kalna,Rural,12,44,19,25,4,2,2,0,0,0,0,0,0,32,16,16,12,3,9,24,12,12,20,7,13
05,058,0017,042520,UTTARAKHAND,Rudraprayag,VILLAGE,Shiwnandi,Rural,15,79,39,40,10,7,3,0,0,0,0,0,0,59,32,27,20,7,13,37,17,20,42,22,20
05,058,0017,042521,UTTARAKHAND,Rudraprayag,VILLAGE,Chiwai,Rural,16,65,33,32,10,4,6,0,0,0,0,0,0,47,28,19,18,5,13,34,16,18,31,17,14
05,058,0017,042522,UTTARAKHAND,Rudraprayag,VILLAGE,Simtoli,Rural,58,271,137,134,34,17,17,194,91,103,0,0,0,209,115,94,62,22,40,146,68,78,125,69,56
05,058,0017,042523,UTTARAKHAND,Rudraprayag,VILLAGE,Kanda,Rural,28,98,40,58,14,7,7,34,16,18,0,0,0,73,33,40,25,7,18,61,21,40,37,19,18
05,058,0017,042524,UTTARAKHAND,Rudraprayag,VILLAGE,Bhunka Walla,Rural,39,184,91,93,23,13,10,0,0,0,0,0,0,127,77,50,57,14,43,110,48,62,74,43,31
05,058,0017,042525,UTTARAKHAND,Rudraprayag,VILLAGE,Dhadhad Chak,Rural,17,83,43,40,5,3,2,0,0,0,0,0,0,65,36,29,18,7,11,58,30,28,25,13,12
05,058,0017,042526,UTTARAKHAND,Rudraprayag,VILLAGE,Gwapher,Rural,79,348,144,204,77,40,37,0,0,0,0,0,0,204,92,112,144,52,92,138,44,94,210,100,110
05,058,0017,042527,UTTARAKHAND,Rudraprayag,VILLAGE,Kyarki,Rural,37,165,72,93,23,13,10,0,0,0,0,0,0,109,55,54,56,17,39,80,24,56,85,48,37
05,058,0017,042528,UTTARAKHAND,Rudraprayag,VILLAGE,Sweensera,Rural,0,0,0,0,0,0,0,0,0,0,0,0,0,0,0,0,0,0,0,0,0,0,0,0,0
05,058,0017,042529,UTTARAKHAND,Rudraprayag,VILLAGE,Khari,Rural,32,108,45,63,7,4,3,0,0,0,0,0,0,73,41,32,35,4,31,46,17,29,62,28,34
05,058,0017,042530,UTTARAKHAND,Rudraprayag,VILLAGE,Ghandiyalka,Rural,25,118,58,60,23,14,9,0,0,0,0,0,0,67,40,27,51,18,33,46,16,30,72,42,30
05,058,0017,042531,UTTARAKHAND,Rudraprayag,VILLAGE,Beeron,Rural,65,277,111,166,44,24,20,0,0,0,0,0,0,184,84,100,93,27,66,227,86,141,50,25,25
05,058,0017,042532,UTTARAKHAND,Rudraprayag,VILLAGE,Loli,Rural,52,241,107,134,34,17,17,59,27,32,0,0,0,150,86,64,91,21,70,96,39,57,145,68,77
05,058,0017,042533,UTTARAKHAND,Rudraprayag,VILLAGE,Chwinth,Rural,71,291,123,168,27,12,15,51,26,25,0,0,0,199,102,97,92,21,71,120,34,86,171,89,82
05,058,0017,042534,UTTARAKHAND,Rudraprayag,VILLAGE,Ranigarh,Rural,1,2,1,1,0,0,0,0,0,0,0,0,0,1,1,0,1,0,1,2,1,1,0,0,0
05,058,0017,042535,UTTARAKHAND,Rudraprayag,VILLAGE,Gwar Laga Punar,Rural,32,142,58,84,16,10,6,0,0,0,0,0,0,96,44,52,46,14,32,61,21,40,81,37,44
05,058,0017,042536,UTTARAKHAND,Rudraprayag,VILLAGE,Chin Gwar,Rural,64,294,115,179,55,22,33,0,0,0,0,0,0,178,85,93,116,30,86,134,50,84,160,65,95
05,058,0017,042537,UTTARAKHAND,Rudraprayag,VILLAGE,Peera,Rural,142,625,249,376,99,44,55,16,5,11,0,0,0,369,175,194,256,74,182,257,77,180,368,172,196
05,058,0017,042538,UTTARAKHAND,Rudraprayag,VILLAGE,Paboun,Rural,100,486,224,262,74,38,36,132,71,61,0,0,0,338,165,173,148,59,89,253,102,151,233,122,111
05,058,0017,042539,UTTARAKHAND,Rudraprayag,VILLAGE,Khair Pani,Rural,7,35,16,19,2,1,1,0,0,0,0,0,0,29,15,14,6,1,5,15,6,9,20,10,10
05,058,0017,042540,UTTARAKHAND,Rudraprayag,VILLAGE,Bhunka Palla,Rural,31,102,46,56,11,4,7,1,0,1,0,0,0,72,41,31,30,5,25,60,23,37,42,23,19
05,058,0017,042541,UTTARAKHAND,Rudraprayag,VILLAGE,Agar Jawari,Rural,124,521,241,280,64,33,31,132,65,67,0,0,0,356,203,153,165,38,127,261,103,158,260,138,122
05,058,0017,042542,UTTARAKHAND,Rudraprayag,VILLAGE,Talgad,Rural,34,151,55,96,25,10,15,0,0,0,0,0,0,96,43,53,55,12,43,88,29,59,63,26,37
05,058,0017,042543,UTTARAKHAND,Rudraprayag,VILLAGE,Kyudi Malansh,Rural,92,487,236,251,58,28,30,42,18,24,0,0,0,381,206,175,106,30,76,273,116,157,214,120,94
05,058,0017,042544,UTTARAKHAND,Rudraprayag,VILLAGE,Dhung,Rural,45,142,60,82,10,4,6,0,0,0,0,0,0,110,52,58,32,8,24,119,51,68,23,9,14
05,058,0017,042545,UTTARAKHAND,Rudraprayag,VILLAGE,Jarmwar,Rural,52,210,100,110,24,15,9,0,0,0,0,0,0,140,78,62,70,22,48,146,55,91,64,45,19
05,058,0017,042546,UTTARAKHAND,Rudraprayag,VILLAGE,Kokhandi,Rural,77,316,128,188,37,18,19,37,17,20,0,0,0,215,102,113,101,26,75,162,48,114,154,80,74
05,058,0017,042547,UTTARAKHAND,Rudraprayag,VILLAGE,Kandai Bainji,Rural,152,722,365,357,91,43,48,146,75,71,0,0,0,555,311,244,167,54,113,644,327,317,78,38,40
05,058,0017,042548,UTTARAKHAND,Rudraprayag,VILLAGE,Mahar Talla,Rural,22,99,48,51,5,1,4,0,0,0,0,0,0,79,46,33,20,2,18,59,29,30,40,19,21
05,058,0017,042549,UTTARAKHAND,Rudraprayag,VILLAGE,Thapal Gaon,Rural,129,613,300,313,84,44,40,83,40,43,0,0,0,443,245,198,170,55,115,324,157,167,289,143,146
05,058,0017,042550,UTTARAKHAND,Rudraprayag,VILLAGE,Bora Malla,Rural,32,127,59,68,16,9,7,0,0,0,0,0,0,86,46,40,41,13,28,83,35,48,44,24,20
05,058,0017,042551,UTTARAKHAND,Rudraprayag,VILLAGE,Mahar Malla,Rural,59,298,153,145,23,13,10,106,61,45,0,0,0,246,137,109,52,16,36,171,87,84,127,66,61
05,058,0017,042552,UTTARAKHAND,Rudraprayag,VILLAGE,Jangi Kandai,Rural,96,418,209,209,40,21,19,0,0,0,0,0,0,330,184,146,88,25,63,275,133,142,143,76,67
05,058,0017,042553,UTTARAKHAND,Rudraprayag,VILLAGE,Baman Thapal,Rural,56,245,93,152,28,11,17,0,0,0,0,0,0,178,78,100,67,15,52,109,33,76,136,60,76
05,058,0017,042554,UTTARAKHAND,Rudraprayag,VILLAGE,Isala,Rural,71,360,166,194,46,23,23,0,0,0,0,0,0,267,140,127,93,26,67,193,82,111,167,84,83
05,058,0017,042555,UTTARAKHAND,Rudraprayag,VILLAGE,Bora Talla,Rural,29,97,42,55,13,9,4,0,0,0,0,0,0,66,33,33,31,9,22,73,29,44,24,13,11
05,058,0017,042556,UTTARAKHAND,Rudraprayag,VILLAGE,Bijarakot,Rural,121,526,209,317,61,23,38,43,17,26,0,0,0,354,172,182,172,37,135,67,52,15,459,157,302
05,058,0017,042557,UTTARAKHAND,Rudraprayag,VILLAGE,Gair Laga Bijarakot,Rural,27,114,49,65,18,11,7,0,0,0,0,0,0,80,35,45,34,14,20,0,0,0,114,49,65
05,058,0017,042558,UTTARAKHAND,Rudraprayag,VILLAGE,Gwar Laga Bijarakot,Rural,0,0,0,0,0,0,0,0,0,0,0,0,0,0,0,0,0,0,0,0,0,0,0,0,0
05,058,0017,042559,UTTARAKHAND,Rudraprayag,VILLAGE,Nagdanda,Rural,29,152,60,92,24,12,12,32,11,21,0,0,0,104,45,59,48,15,33,70,19,51,82,41,41
05,058,0017,042560,UTTARAKHAND,Rudraprayag,VILLAGE,Sari,Rural,118,592,265,327,59,29,30,29,13,16,0,0,0,464,231,233,128,34,94,265,90,175,327,175,152
05,058,0017,042561,UTTARAKHAND,Rudraprayag,VILLAGE,Chamsil,Rural,27,95,35,60,16,8,8,0,0,0,0,0,0,62,24,38,33,11,22,44,15,29,51,20,31
05,058,0017,042562,UTTARAKHAND,Rudraprayag,VILLAGE,Jhalimath,Rural,21,103,51,52,8,4,4,66,34,32,0,0,0,83,46,37,20,5,15,39,16,23,64,35,29
05,058,0017,042563,UTTARAKHAND,Rudraprayag,VILLAGE,Sindarwani Malli,Rural,22,145,67,78,21,10,11,0,0,0,0,0,0,105,51,54,40,16,24,34,27,7,111,40,71
05,058,0017,042564,UTTARAKHAND,Rudraprayag,VILLAGE,Narsu Lagasari,Rural,5,21,10,11,1,0,1,0,0,0,0,0,0,19,9,10,2,1,1,3,3,0,18,7,11
05,058,0017,042565,UTTARAKHAND,Rudraprayag,VILLAGE,Nag Lagasari,Rural,20,96,51,45,9,6,3,0,0,0,0,0,0,75,44,31,21,7,14,21,20,1,75,31,44
05,058,0017,042566,UTTARAKHAND,Rudraprayag,VILLAGE,Sindarwani Talli,Rural,42,199,98,101,20,9,11,0,0,0,0,0,0,150,89,61,49,9,40,80,49,31,119,49,70
05,058,0017,042567,UTTARAKHAND,Rudraprayag,VILLAGE,Chhinka,Rural,118,488,210,278,80,35,45,124,54,70,0,0,0,333,169,164,155,41,114,230,85,145,258,125,133
05,058,0017,042568,UTTARAKHAND,Rudraprayag,VILLAGE,Kothagi,Rural,159,718,325,393,100,59,41,266,130,136,0,0,0,535,256,279,183,69,114,350,133,217,368,192,176
05,058,0017,042569,UTTARAKHAND,Rudraprayag,VILLAGE,Madola,Rural,100,484,231,253,57,28,29,215,104,111,0,0,0,362,192,170,122,39,83,209,95,114,275,136,139
05,058,0017,042570,UTTARAKHAND,Rudraprayag,VILLAGE,Bhatwari,Rural,57,219,91,128,18,9,9,13,7,6,0,0,0,163,78,85,56,13,43,103,34,69,116,57,59
05,058,0017,042571,UTTARAKHAND,Rudraprayag,VILLAGE,Koti Barkoti,Rural,40,100,43,57,5,3,2,0,0,0,0,0,0,69,38,31,31,5,26,55,17,38,45,26,19
05,058,0017,042572,UTTARAKHAND,Rudraprayag,VILLAGE,Dobh Laga Marora,Rural,23,112,56,56,23,12,11,75,40,35,0,0,0,75,42,33,37,14,23,51,24,27,61,32,29
05,058,0017,042573,UTTARAKHAND,Rudraprayag,VILLAGE,Marora,Rural,49,208,104,104,25,10,15,29,13,16,0,0,0,148,83,65,60,21,39,108,63,45,100,41,59
05,058,0017,042574,UTTARAKHAND,Rudraprayag,VILLAGE,Mawana,Rural,296,1284,635,649,196,116,80,243,118,125,0,0,0,952,488,464,332,147,185,551,306,245,733,329,404
05,058,0017,042575,UTTARAKHAND,Rudraprayag,VILLAGE,Nagrasu,Rural,254,1140,534,606,141,67,74,554,274,280,29,13,16,871,449,422,269,85,184,421,212,209,719,322,397
05,058,0017,042576,UTTARAKHAND,Rudraprayag,VILLAGE,Bhat Gaon,Rural,57,250,111,139,48,29,19,50,23,27,0,0,0,164,77,87,86,34,52,99,34,65,151,77,74
05,058,0017,042577,UTTARAKHAND,Rudraprayag,VILLAGE,Beena,Rural,113,465,193,272,74,39,35,69,30,39,0,0,0,314,146,168,151,47,104,221,76,145,244,117,127
05,058,0017,042578,UTTARAKHAND,Rudraprayag,VILLAGE,Kot Malla,Rural,86,336,161,175,26,14,12,76,38,38,0,0,0,256,144,112,80,17,63,73,43,30,263,118,145
05,058,0017,042579,UTTARAKHAND,Rudraprayag,VILLAGE,Ghiroli,Rural,10,40,17,23,4,1,3,0,0,0,0,0,0,27,15,12,13,2,11,29,15,14,11,2,9
05,058,0017,042580,UTTARAKHAND,Rudraprayag,VILLAGE,Kot Talla,Rural,56,230,103,127,29,16,13,52,26,26,0,0,0,181,84,97,49,19,30,116,43,73,114,60,54
05,058,0017,042581,UTTARAKHAND,Rudraprayag,VILLAGE,Kharkota,Rural,14,60,26,34,5,3,2,0,0,0,0,0,0,47,22,25,13,4,9,27,7,20,33,19,14
05,058,0017,042582,UTTARAKHAND,Rudraprayag,VILLAGE,Jasoli,Rural,94,350,159,191,47,19,28,119,56,63,0,0,0,245,129,116,105,30,75,175,77,98,175,82,93
05,058,0017,042583,UTTARAKHAND,Rudraprayag,VILLAGE,Tolgaon,Rural,7,43,23,20,8,5,3,0,0,0,0,0,0,32,18,14,11,5,6,20,12,8,23,11,12
05,058,0017,042584,UTTARAKHAND,Rudraprayag,VILLAGE,Kodima,Rural,76,363,151,212,51,23,28,0,0,0,0,0,0,261,123,138,102,28,74,95,60,35,268,91,177
05,058,0017,042585,UTTARAKHAND,Rudraprayag,VILLAGE,Langala Lagaladoli,Rural,0,0,0,0,0,0,0,0,0,0,0,0,0,0,0,0,0,0,0,0,0,0,0,0,0
05,058,0017,042586,UTTARAKHAND,Rudraprayag,VILLAGE,Mola,Rural,26,118,46,72,12,4,8,0,0,0,0,0,0,86,41,45,32,5,27,61,21,40,57,25,32
05,058,0017,042587,UTTARAKHAND,Rudraprayag,VILLAGE,Chori Laga Ghorsal,Rural,0,0,0,0,0,0,0,0,0,0,0,0,0,0,0,0,0,0,0,0,0,0,0,0,0
05,058,0017,042588,UTTARAKHAND,Rudraprayag,VILLAGE,Sitakoti,Rural,0,0,0,0,0,0,0,0,0,0,0,0,0,0,0,0,0,0,0,0,0,0,0,0,0
05,058,0017,042589,UTTARAKHAND,Rudraprayag,VILLAGE,Diwli,Rural,45,204,95,109,17,6,11,60,27,33,0,0,0,147,80,67,57,15,42,97,39,58,107,56,51
05,058,0017,042590,UTTARAKHAND,Rudraprayag,VILLAGE,Ladoli,Rural,86,362,170,192,60,36,24,114,55,59,0,0,0,253,127,126,109,43,66,162,69,93,200,101,99
05,058,0017,042591,UTTARAKHAND,Rudraprayag,VILLAGE,Kwali,Rural,69,282,116,166,24,15,9,0,0,0,0,0,0,197,95,102,85,21,64,130,44,86,152,72,80
05,058,0017,042592,UTTARAKHAND,Rudraprayag,VILLAGE,Toriyal,Rural,20,74,34,40,6,2,4,0,0,0,0,0,0,60,32,28,14,2,12,35,11,24,39,23,16
05,058,0017,042593,UTTARAKHAND,Rudraprayag,VILLAGE,Ghorsal,Rural,51,195,75,120,22,14,8,17,7,10,0,0,0,139,58,81,56,17,39,81,27,54,114,48,66
05,058,0017,042594,UTTARAKHAND,Rudraprayag,VILLAGE,Gadboo,Rural,20,84,38,46,11,7,4,0,0,0,0,0,0,54,30,24,30,8,22,34,10,24,50,28,22
05,058,0017,042595,UTTARAKHAND,Rudraprayag,VILLAGE,Raintoli,Rural,24,140,68,72,18,9,9,29,14,15,0,0,0,109,58,51,31,10,21,78,36,42,62,32,30
05,058,0018,000000,UTTARAKHAND,Rudraprayag,CD BLOCK,Jakholi,Total,16117,74759,34126,40633,10718,5570,5148,14571,7197,7374,21,11,10,49363,26109,23254,25396,8017,17379,35854,15196,20658,38905,18930,19975
05,058,0018,000000,UTTARAKHAND,Rudraprayag,CD BLOCK,Jakholi,Rural,16117,74759,34126,40633,10718,5570,5148,14571,7197,7374,21,11,10,49363,26109,23254,25396,8017,17379,35854,15196,20658,38905,18930,19975
05,058,0018,000000,UTTARAKHAND,Rudraprayag,CD BLOCK,Jakholi,Urban,0,0,0,0,0,0,0,0,0,0,0,0,0,0,0,0,0,0,0,0,0,0,0,0,0
05,058,0018,042302,UTTARAKHAND,Rudraprayag,VILLAGE,Mosar,Rural,69,318,125,193,50,18,32,64,34,30,1,1,0,229,103,126,89,22,67,155,55,100,163,70,93
05,058,0018,042303,UTTARAKHAND,Rudraprayag,VILLAGE,Mahar Gaon,Rural,35,157,65,92,30,17,13,20,8,12,0,0,0,92,44,48,65,21,44,71,19,52,86,46,40
05,058,0018,042304,UTTARAKHAND,Rudraprayag,VILLAGE,Math Gaon,Rural,145,629,251,378,96,48,48,36,18,18,0,0,0,370,188,182,259,63,196,270,81,189,359,170,189
05,058,0018,042305,UTTARAKHAND,Rudraprayag,VILLAGE,Saunda,Rural,178,710,318,392,91,55,36,20,11,9,0,0,0,415,219,196,295,99,196,411,152,259,299,166,133
05,058,0018,042306,UTTARAKHAND,Rudraprayag,VILLAGE,Sakanyana,Rural,62,255,108,147,28,16,12,86,38,48,0,0,0,169,86,83,86,22,64,158,56,102,97,52,45
05,058,0018,042307,UTTARAKHAND,Rudraprayag,VILLAGE,Thapala,Rural,24,99,36,63,4,2,2,0,0,0,0,0,0,71,30,41,28,6,22,37,10,27,62,26,36
05,058,0018,042308,UTTARAKHAND,Rudraprayag,VILLAGE,Timali,Rural,101,375,168,207,40,22,18,67,38,29,0,0,0,272,136,136,103,32,71,181,62,119,194,106,88
05,058,0018,042309,UTTARAKHAND,Rudraprayag,VILLAGE,Dhaunda,Rural,179,843,373,470,126,59,67,191,80,111,0,0,0,532,291,241,311,82,229,413,170,243,430,203,227
05,058,0018,042310,UTTARAKHAND,Rudraprayag,VILLAGE,Chaura Sirai,Rural,38,164,84,80,15,10,5,5,3,2,0,0,0,120,70,50,44,14,30,38,27,11,126,57,69
05,058,0018,042311,UTTARAKHAND,Rudraprayag,VILLAGE,Bhyuta,Rural,49,185,88,97,12,5,7,60,29,31,4,2,2,129,76,53,56,12,44,93,41,52,92,47,45
05,058,0018,042312,UTTARAKHAND,Rudraprayag,VILLAGE,Kaphna,Rural,93,394,179,215,46,25,21,1,1,0,0,0,0,258,140,118,136,39,97,173,73,100,221,106,115
05,058,0018,042313,UTTARAKHAND,Rudraprayag,VILLAGE,Saurakhal,Rural,117,551,257,294,80,41,39,233,120,113,0,0,0,374,197,177,177,60,117,291,127,164,260,130,130
05,058,0018,042314,UTTARAKHAND,Rudraprayag,VILLAGE,Satani,Rural,101,399,168,231,45,27,18,25,12,13,0,0,0,259,124,135,140,44,96,191,64,127,208,104,104
05,058,0018,042315,UTTARAKHAND,Rudraprayag,VILLAGE,Syari,Rural,30,113,48,65,16,11,5,62,30,32,0,0,0,69,34,35,44,14,30,65,25,40,48,23,25
05,058,0018,042316,UTTARAKHAND,Rudraprayag,VILLAGE,Khargad,Rural,66,218,93,125,23,10,13,8,4,4,0,0,0,144,81,63,74,12,62,120,48,72,98,45,53
05,058,0018,042317,UTTARAKHAND,Rudraprayag,VILLAGE,Bansi,Rural,137,563,244,319,97,47,50,81,42,39,0,0,0,385,191,194,178,53,125,262,102,160,301,142,159
05,058,0018,042318,UTTARAKHAND,Rudraprayag,VILLAGE,Sera,Rural,32,104,46,58,12,6,6,0,0,0,0,0,0,82,40,42,22,6,16,16,16,0,88,30,58
05,058,0018,042319,UTTARAKHAND,Rudraprayag,VILLAGE,Paparasu,Rural,29,102,42,60,17,9,8,0,0,0,0,0,0,63,32,31,39,10,29,66,23,43,36,19,17
05,058,0018,042392,UTTARAKHAND,Rudraprayag,VILLAGE,Semalta,Rural,34,97,45,52,8,3,5,0,0,0,0,0,0,73,41,32,24,4,20,58,25,33,39,20,19
05,058,0018,042393,UTTARAKHAND,Rudraprayag,VILLAGE,Gawana,Rural,51,190,84,106,30,14,16,22,12,10,0,0,0,120,65,55,70,19,51,117,44,73,73,40,33
05,058,0018,042394,UTTARAKHAND,Rudraprayag,VILLAGE,Dungari,Rural,56,230,96,134,33,15,18,0,0,0,0,0,0,129,65,64,101,31,70,109,34,75,121,62,59
05,058,0018,042395,UTTARAKHAND,Rudraprayag,VILLAGE,Swili,Rural,24,98,43,55,14,6,8,0,0,0,0,0,0,61,35,26,37,8,29,38,15,23,60,28,32
05,058,0018,042396,UTTARAKHAND,Rudraprayag,VILLAGE,Lendar Urf Sem,Rural,33,118,58,60,22,14,8,0,0,0,0,0,0,70,43,27,48,15,33,52,20,32,66,38,28
05,058,0018,042397,UTTARAKHAND,Rudraprayag,VILLAGE,Tarwari,Rural,24,147,71,76,22,13,9,0,0,0,0,0,0,92,49,43,55,22,33,38,35,3,109,36,73
05,058,0018,042398,UTTARAKHAND,Rudraprayag,VILLAGE,Jawari,Rural,394,1793,830,963,193,98,95,272,133,139,0,0,0,1288,684,604,505,146,359,683,334,349,1110,496,614
05,058,0018,042399,UTTARAKHAND,Rudraprayag,VILLAGE,Dharmola,Rural,232,1212,595,617,206,103,103,459,224,235,0,0,0,728,415,313,484,180,304,595,284,311,617,311,306
05,058,0018,042400,UTTARAKHAND,Rudraprayag,VILLAGE,Dungra,Rural,57,205,84,121,23,16,7,0,0,0,0,0,0,139,64,75,66,20,46,96,27,69,109,57,52
05,058,0018,042401,UTTARAKHAND,Rudraprayag,VILLAGE,Routhiya,Rural,144,743,360,383,81,42,39,0,0,0,0,0,0,506,293,213,237,67,170,316,188,128,427,172,255
05,058,0018,042402,UTTARAKHAND,Rudraprayag,VILLAGE,Kotali,Rural,35,238,117,121,34,14,20,38,21,17,0,0,0,175,95,80,63,22,41,142,74,68,96,43,53
05,058,0018,042403,UTTARAKHAND,Rudraprayag,VILLAGE,Malyasu Talla,Rural,27,107,51,56,7,2,5,0,0,0,0,0,0,82,47,35,25,4,21,51,27,24,56,24,32
05,058,0018,042404,UTTARAKHAND,Rudraprayag,VILLAGE,Malyasu Malla,Rural,0,0,0,0,0,0,0,0,0,0,0,0,0,0,0,0,0,0,0,0,0,0,0,0,0
05,058,0018,042604,UTTARAKHAND,Rudraprayag,VILLAGE,Pala Kurali,Rural,146,786,333,453,143,74,69,0,0,0,0,0,0,452,237,215,334,96,238,411,143,268,375,190,185
05,058,0018,042605,UTTARAKHAND,Rudraprayag,VILLAGE,Uchhana,Rural,143,599,234,365,111,56,55,0,0,0,0,0,0,330,152,178,269,82,187,296,96,200,303,138,165
05,058,0018,042606,UTTARAKHAND,Rudraprayag,VILLAGE,Goti,Rural,161,713,337,376,108,62,46,366,178,188,0,0,0,489,268,221,224,69,155,369,168,201,344,169,175
05,058,0018,042607,UTTARAKHAND,Rudraprayag,VILLAGE,Uroli,Rural,86,414,152,262,73,35,38,0,0,0,0,0,0,244,105,139,170,47,123,198,60,138,216,92,124
05,058,0018,042608,UTTARAKHAND,Rudraprayag,VILLAGE,Dhan Kurali,Rural,65,291,118,173,46,24,22,0,0,0,0,0,0,169,81,88,122,37,85,122,43,79,169,75,94
05,058,0018,042609,UTTARAKHAND,Rudraprayag,VILLAGE,Bajira,Rural,214,964,435,529,140,80,60,346,165,181,0,0,0,555,292,263,409,143,266,483,194,289,481,241,240
05,058,0018,042610,UTTARAKHAND,Rudraprayag,VILLAGE,Syal Dhuri,Rural,17,81,27,54,10,4,6,0,0,0,0,0,0,51,22,29,30,5,25,39,9,30,42,18,24
05,058,0018,042611,UTTARAKHAND,Rudraprayag,VILLAGE,Mamani,Rural,56,220,88,132,37,19,18,20,7,13,0,0,0,132,56,76,88,32,56,102,31,71,118,57,61
05,058,0018,042612,UTTARAKHAND,Rudraprayag,VILLAGE,Dhanyau,Rural,31,142,68,74,26,12,14,8,5,3,0,0,0,86,45,41,56,23,33,64,27,37,78,41,37
05,058,0018,042613,UTTARAKHAND,Rudraprayag,VILLAGE,Budna,Rural,395,1907,855,1052,302,180,122,536,271,265,0,0,0,1132,568,564,775,287,488,904,319,585,1003,536,467
05,058,0018,042614,UTTARAKHAND,Rudraprayag,VILLAGE,Mahargoan,Rural,69,342,138,204,51,23,28,0,0,0,0,0,0,210,106,104,132,32,100,148,45,103,194,93,101
05,058,0018,042615,UTTARAKHAND,Rudraprayag,VILLAGE,Jakholi,Rural,144,661,336,325,78,39,39,212,119,93,3,1,2,517,288,229,144,48,96,286,157,129,375,179,196
05,058,0018,042616,UTTARAKHAND,Rudraprayag,VILLAGE,Bachwar,Rural,69,368,146,222,66,28,38,12,6,6,0,0,0,246,115,131,122,31,91,151,42,109,217,104,113
05,058,0018,042617,UTTARAKHAND,Rudraprayag,VILLAGE,Paurjuli,Rural,34,158,65,93,29,15,14,0,0,0,0,0,0,103,47,56,55,18,37,73,23,50,85,42,43
05,058,0018,042618,UTTARAKHAND,Rudraprayag,VILLAGE,Sirahi,Rural,20,69,32,37,6,4,2,0,0,0,0,0,0,47,25,22,22,7,15,39,14,25,30,18,12
05,058,0018,042619,UTTARAKHAND,Rudraprayag,VILLAGE,Barsir,Rural,163,722,306,416,115,54,61,106,53,53,0,0,0,463,228,235,259,78,181,307,118,189,415,188,227
05,058,0018,042620,UTTARAKHAND,Rudraprayag,VILLAGE,Chandi,Rural,73,307,138,169,41,20,21,38,18,20,0,0,0,201,108,93,106,30,76,146,53,93,161,85,76
05,058,0018,042621,UTTARAKHAND,Rudraprayag,VILLAGE,Kothiyara,Rural,73,289,127,162,30,20,10,35,16,19,0,0,0,208,103,105,81,24,57,142,61,81,147,66,81
05,058,0018,042622,UTTARAKHAND,Rudraprayag,VILLAGE,Kapaniya,Rural,152,568,240,328,64,36,28,35,18,17,0,0,0,369,175,194,199,65,134,284,105,179,284,135,149
05,058,0018,042623,UTTARAKHAND,Rudraprayag,VILLAGE,Laluri,Rural,201,903,430,473,113,49,64,449,205,244,0,0,0,668,363,305,235,67,168,324,188,136,579,242,337
05,058,0018,042624,UTTARAKHAND,Rudraprayag,VILLAGE,Dewal,Rural,65,317,143,174,31,15,16,0,0,0,0,0,0,258,128,130,59,15,44,216,92,124,101,51,50
05,058,0018,042625,UTTARAKHAND,Rudraprayag,VILLAGE,Lamwar,Rural,16,95,42,53,12,8,4,0,0,0,0,0,0,74,34,40,21,8,13,58,24,34,37,18,19
05,058,0018,042626,UTTARAKHAND,Rudraprayag,VILLAGE,Dharada,Rural,92,391,163,228,56,25,31,200,87,113,0,0,0,234,116,118,157,47,110,145,64,81,246,99,147
05,058,0018,042627,UTTARAKHAND,Rudraprayag,VILLAGE,Koti,Rural,77,370,158,212,75,34,41,160,75,85,0,0,0,233,113,120,137,45,92,187,72,115,183,86,97
05,058,0018,042628,UTTARAKHAND,Rudraprayag,VILLAGE,Luthiyag,Rural,184,1022,510,512,129,71,58,0,0,0,0,0,0,702,406,296,320,104,216,629,307,322,393,203,190
05,058,0018,042629,UTTARAKHAND,Rudraprayag,VILLAGE,Tyunkhar,Rural,283,1656,860,796,234,124,110,317,172,145,0,0,0,1099,688,411,557,172,385,1062,539,523,594,321,273
05,058,0018,042630,UTTARAKHAND,Rudraprayag,VILLAGE,Makhet,Rural,98,435,189,246,59,34,25,0,0,0,0,0,0,321,152,169,114,37,77,228,85,143,207,104,103
05,058,0018,042631,UTTARAKHAND,Rudraprayag,VILLAGE,Mayali,Rural,155,659,314,345,97,52,45,30,15,15,0,0,0,455,246,209,204,68,136,364,162,202,295,152,143
05,058,0018,042632,UTTARAKHAND,Rudraprayag,VILLAGE,Jakhani,Rural,75,305,131,174,40,18,22,92,41,51,0,0,0,209,110,99,96,21,75,143,60,83,162,71,91
05,058,0018,042633,UTTARAKHAND,Rudraprayag,VILLAGE,Lauga,Rural,121,511,244,267,58,29,29,24,11,13,1,1,0,336,194,142,175,50,125,245,115,130,266,129,137
05,058,0018,042634,UTTARAKHAND,Rudraprayag,VILLAGE,Sakalana,Rural,54,250,121,129,19,10,9,32,16,16,0,0,0,178,104,74,72,17,55,140,61,79,110,60,50
05,058,0018,042635,UTTARAKHAND,Rudraprayag,VILLAGE,Badhani,Rural,88,424,183,241,71,35,36,25,14,11,0,0,0,269,138,131,155,45,110,210,77,133,214,106,108
05,058,0018,042636,UTTARAKHAND,Rudraprayag,VILLAGE,Jagtoli,Rural,14,84,38,46,15,11,4,7,4,3,0,0,0,39,19,20,45,19,26,39,13,26,45,25,20
05,058,0018,042637,UTTARAKHAND,Rudraprayag,VILLAGE,Gethana,Rural,157,768,335,433,135,76,59,249,115,134,0,0,0,459,234,225,309,101,208,331,115,216,437,220,217
05,058,0018,042638,UTTARAKHAND,Rudraprayag,VILLAGE,Dhar Kuri,Rural,107,507,200,307,90,45,45,0,0,0,0,0,0,329,143,186,178,57,121,254,83,171,253,117,136
05,058,0018,042639,UTTARAKHAND,Rudraprayag,VILLAGE,Kot,Rural,96,497,229,268,85,41,44,323,153,170,0,0,0,315,174,141,182,55,127,258,107,151,239,122,117
05,058,0018,042640,UTTARAKHAND,Rudraprayag,VILLAGE,San,Rural,75,445,208,237,80,44,36,0,0,0,0,0,0,272,153,119,173,55,118,223,93,130,222,115,107
05,058,0018,042641,UTTARAKHAND,Rudraprayag,VILLAGE,Sirwadi,Rural,137,817,442,375,108,63,45,270,146,124,0,0,0,551,348,203,266,94,172,527,278,249,290,164,126
05,058,0018,042642,UTTARAKHAND,Rudraprayag,VILLAGE,Jakhawari Malli,Rural,153,800,370,430,155,85,70,452,227,225,0,0,0,459,235,224,341,135,206,382,149,233,418,221,197
05,058,0018,042643,UTTARAKHAND,Rudraprayag,VILLAGE,Liswalta,Rural,99,466,185,281,72,32,40,0,0,0,0,0,0,289,142,147,177,43,134,228,71,157,238,114,124
05,058,0018,042644,UTTARAKHAND,Rudraprayag,VILLAGE,Khaliyan,Rural,216,1153,522,631,202,96,106,321,180,141,0,0,0,756,397,359,397,125,272,762,322,440,391,200,191
05,058,0018,042645,UTTARAKHAND,Rudraprayag,VILLAGE,Jakhawari Talli,Rural,70,331,157,174,45,19,26,138,68,70,0,0,0,222,122,100,109,35,74,175,72,103,156,85,71
05,058,0018,042646,UTTARAKHAND,Rudraprayag,VILLAGE,Pujar Gaon,Rural,72,340,160,180,45,25,20,0,0,0,0,0,0,227,126,101,113,34,79,194,84,110,146,76,70
05,058,0018,042647,UTTARAKHAND,Rudraprayag,VILLAGE,Pulan,Rural,136,777,397,380,102,51,51,0,0,0,0,0,0,486,292,194,291,105,186,443,221,222,334,176,158
05,058,0018,042648,UTTARAKHAND,Rudraprayag,VILLAGE,Munyadhar,Rural,57,300,163,137,38,23,15,32,12,20,0,0,0,235,136,99,65,27,38,175,89,86,125,74,51
05,058,0018,042649,UTTARAKHAND,Rudraprayag,VILLAGE,Pauthi,Rural,334,1486,582,904,252,123,129,247,106,141,0,0,0,845,415,430,641,167,474,707,215,492,779,367,412
05,058,0018,042650,UTTARAKHAND,Rudraprayag,VILLAGE,Bhatwari,Rural,103,541,234,307,97,53,44,305,141,164,0,0,0,285,138,147,256,96,160,284,102,182,257,132,125
05,058,0018,042651,UTTARAKHAND,Rudraprayag,VILLAGE,Chopara,Rural,94,388,158,230,82,38,44,0,0,0,0,0,0,205,104,101,183,54,129,228,73,155,160,85,75
05,058,0018,042652,UTTARAKHAND,Rudraprayag,VILLAGE,Nandawan Gaon,Rural,32,150,66,84,21,11,10,0,0,0,0,0,0,113,55,58,37,11,26,81,30,51,69,36,33
05,058,0018,042653,UTTARAKHAND,Rudraprayag,VILLAGE,Chaura,Rural,112,496,223,273,75,41,34,232,110,122,0,0,0,335,167,168,161,56,105,209,89,120,287,134,153
05,058,0018,042654,UTTARAKHAND,Rudraprayag,VILLAGE,Kandiyali,Rural,46,243,110,133,41,22,19,0,0,0,0,0,0,149,80,69,94,30,64,92,32,60,151,78,73
05,058,0018,042655,UTTARAKHAND,Rudraprayag,VILLAGE,Panjana,Rural,95,403,185,218,52,28,24,119,62,57,0,0,0,254,132,122,149,53,96,216,93,123,187,92,95
05,058,0018,042656,UTTARAKHAND,Rudraprayag,VILLAGE,Uroli,Rural,15,66,23,43,7,1,6,31,11,20,0,0,0,44,20,24,22,3,19,42,16,26,24,7,17
05,058,0018,042657,UTTARAKHAND,Rudraprayag,VILLAGE,Kurchholi,Rural,161,777,324,453,113,45,68,0,0,0,0,0,0,435,236,199,342,88,254,367,122,245,410,202,208
05,058,0018,042658,UTTARAKHAND,Rudraprayag,VILLAGE,Rahar,Rural,43,182,79,103,29,17,12,49,24,25,0,0,0,108,56,52,74,23,51,51,26,25,131,53,78
05,058,0018,042659,UTTARAKHAND,Rudraprayag,VILLAGE,Khal,Rural,6,26,9,17,2,1,1,0,0,0,0,0,0,18,7,11,8,2,6,15,6,9,11,3,8
05,058,0018,042660,UTTARAKHAND,Rudraprayag,VILLAGE,Bagjiwala,Rural,7,25,10,15,3,2,1,0,0,0,0,0,0,14,6,8,11,4,7,16,6,10,9,4,5
05,058,0018,042661,UTTARAKHAND,Rudraprayag,VILLAGE,Nag,Rural,53,222,105,117,24,17,7,0,0,0,0,0,0,140,77,63,82,28,54,99,33,66,123,72,51
05,058,0018,042662,UTTARAKHAND,Rudraprayag,VILLAGE,Purwana,Rural,42,199,100,99,35,20,15,44,27,17,0,0,0,130,74,56,69,26,43,93,39,54,106,61,45
05,058,0018,042663,UTTARAKHAND,Rudraprayag,VILLAGE,Dharkot,Rural,145,741,343,398,124,71,53,156,78,78,0,0,0,562,257,305,179,86,93,359,154,205,382,189,193
05,058,0018,042664,UTTARAKHAND,Rudraprayag,VILLAGE,Atholi,Rural,11,52,27,25,6,3,3,2,1,1,0,0,0,39,23,16,13,4,9,22,9,13,30,18,12
05,058,0018,042665,UTTARAKHAND,Rudraprayag,VILLAGE,Bharnga,Rural,77,363,182,181,47,18,29,107,49,58,0,0,0,233,150,83,130,32,98,197,95,102,166,87,79
05,058,0018,042666,UTTARAKHAND,Rudraprayag,VILLAGE,Palot,Rural,52,238,94,144,34,24,10,0,0,0,0,0,0,138,59,79,100,35,65,84,22,62,154,72,82
05,058,0018,042667,UTTARAKHAND,Rudraprayag,VILLAGE,Bainoli,Rural,64,229,103,126,35,17,18,0,0,0,0,0,0,153,80,73,76,23,53,69,43,26,160,60,100
05,058,0018,042668,UTTARAKHAND,Rudraprayag,VILLAGE,Barshot,Rural,12,41,12,29,7,1,6,0,0,0,0,0,0,22,8,14,19,4,15,28,9,19,13,3,10
05,058,0018,042669,UTTARAKHAND,Rudraprayag,VILLAGE,Biran Goan,Rural,30,116,48,68,14,8,6,0,0,0,0,0,0,73,36,37,43,12,31,49,13,36,67,35,32
05,058,0018,042670,UTTARAKHAND,Rudraprayag,VILLAGE,Tuneta,Rural,91,371,161,210,60,32,28,51,25,26,0,0,0,233,117,116,138,44,94,139,58,81,232,103,129
05,058,0018,042671,UTTARAKHAND,Rudraprayag,VILLAGE,Tariyal Gaon,Rural,35,191,94,97,27,13,14,0,0,0,0,0,0,137,79,58,54,15,39,111,57,54,80,37,43
05,058,0018,042672,UTTARAKHAND,Rudraprayag,VILLAGE,Lariyasyu,Rural,44,198,92,106,31,19,12,137,66,71,0,0,0,119,62,57,79,30,49,95,43,52,103,49,54
05,058,0018,042673,UTTARAKHAND,Rudraprayag,VILLAGE,Sema,Rural,119,549,263,286,72,43,29,226,110,116,0,0,0,376,212,164,173,51,122,240,108,132,309,155,154
05,058,0018,042674,UTTARAKHAND,Rudraprayag,VILLAGE,Subhani Sumari,Rural,321,1403,729,674,173,101,72,329,173,156,0,0,0,1115,614,501,288,115,173,500,313,187,903,416,487
05,058,0018,042675,UTTARAKHAND,Rudraprayag,VILLAGE,Lekh Lawari,Rural,73,346,147,199,58,32,26,91,44,47,0,0,0,230,105,125,116,42,74,137,64,73,209,83,126
05,058,0018,042676,UTTARAKHAND,Rudraprayag,VILLAGE,Hariyali,Rural,83,364,151,213,39,18,21,14,7,7,0,0,0,244,118,126,120,33,87,183,66,117,181,85,96
05,058,0018,042677,UTTARAKHAND,Rudraprayag,VILLAGE,Dangi,Rural,65,298,131,167,54,26,28,216,96,120,0,0,0,191,95,96,107,36,71,137,58,79,161,73,88
05,058,0018,042678,UTTARAKHAND,Rudraprayag,VILLAGE,Jakholi Talli,Rural,10,42,18,24,11,5,6,0,0,0,0,0,0,21,10,11,21,8,13,21,7,14,21,11,10
05,058,0018,042679,UTTARAKHAND,Rudraprayag,VILLAGE,Doma Jakhal,Rural,122,558,220,338,81,37,44,120,55,65,0,0,0,318,153,165,240,67,173,269,88,181,289,132,157
05,058,0018,042680,UTTARAKHAND,Rudraprayag,VILLAGE,Srikot,Rural,29,166,79,87,32,16,16,53,25,28,0,0,0,107,59,48,59,20,39,68,30,38,98,49,49
05,058,0018,042681,UTTARAKHAND,Rudraprayag,VILLAGE,Udiyan Gaon,Rural,97,425,192,233,39,24,15,0,0,0,0,0,0,288,159,129,137,33,104,70,64,6,355,128,227
05,058,0018,042682,UTTARAKHAND,Rudraprayag,VILLAGE,Kot,Rural,37,176,61,115,27,17,10,0,0,0,0,0,0,101,40,61,75,21,54,64,13,51,112,48,64
05,058,0018,042683,UTTARAKHAND,Rudraprayag,VILLAGE,Dhariyana,Rural,61,219,85,134,33,14,19,0,0,0,0,0,0,128,61,67,91,24,67,102,20,82,117,65,52
05,058,0018,042684,UTTARAKHAND,Rudraprayag,VILLAGE,Jakholi Malli,Rural,34,134,55,79,18,8,10,0,0,0,0,0,0,93,44,49,41,11,30,67,24,43,67,31,36
05,058,0018,042685,UTTARAKHAND,Rudraprayag,VILLAGE,Naouli,Rural,61,249,99,150,41,24,17,0,0,0,0,0,0,163,72,91,86,27,59,114,34,80,135,65,70
05,058,0018,042686,UTTARAKHAND,Rudraprayag,VILLAGE,Sil Gaon,Rural,73,309,137,172,49,25,24,10,3,7,1,1,0,199,108,91,110,29,81,77,47,30,232,90,142
05,058,0018,042687,UTTARAKHAND,Rudraprayag,VILLAGE,Kwila,Rural,51,142,66,76,10,6,4,5,4,1,0,0,0,110,59,51,32,7,25,91,37,54,51,29,22
05,058,0018,042688,UTTARAKHAND,Rudraprayag,VILLAGE,Kanda,Rural,132,625,270,355,86,51,35,177,82,95,0,0,0,408,203,205,217,67,150,270,99,171,355,171,184
05,058,0018,042689,UTTARAKHAND,Rudraprayag,VILLAGE,Pingari,Rural,28,116,50,66,11,7,4,9,5,4,0,0,0,80,40,40,36,10,26,62,24,38,54,26,28
05,058,0018,042690,UTTARAKHAND,Rudraprayag,VILLAGE,Ratanpur,Rural,51,209,84,125,24,9,15,25,11,14,0,0,0,157,74,83,52,10,42,113,38,75,96,46,50
05,058,0018,042691,UTTARAKHAND,Rudraprayag,VILLAGE,Ghegar,Rural,253,1084,453,631,165,83,82,189,90,99,0,0,0,683,329,354,401,124,277,555,196,359,529,257,272
05,058,0018,042692,UTTARAKHAND,Rudraprayag,VILLAGE,Medanpur,Rural,72,298,118,180,27,14,13,0,0,0,0,0,0,214,99,115,84,19,65,152,43,109,146,75,71
05,058,0018,042693,UTTARAKHAND,Rudraprayag,VILLAGE,Mawan Gaon,Rural,82,389,199,190,60,37,23,88,48,40,0,0,0,266,154,112,123,45,78,235,109,126,154,90,64
05,058,0018,042694,UTTARAKHAND,Rudraprayag,VILLAGE,Barsari,Rural,13,70,41,29,7,3,4,17,11,6,0,0,0,43,28,15,27,13,14,36,22,14,34,19,15
05,058,0018,042695,UTTARAKHAND,Rudraprayag,VILLAGE,Talla,Rural,256,1228,604,624,174,96,78,333,169,164,0,0,0,788,457,331,440,147,293,472,279,193,756,325,431
05,058,0018,042696,UTTARAKHAND,Rudraprayag,VILLAGE,Jakhatoli,Rural,144,727,328,399,95,48,47,137,60,77,0,0,0,320,191,129,407,137,270,388,146,242,339,182,157
05,058,0018,042697,UTTARAKHAND,Rudraprayag,VILLAGE,Tat,Rural,112,500,229,271,77,42,35,94,54,40,0,0,0,330,177,153,170,52,118,231,90,141,269,139,130
05,058,0018,042698,UTTARAKHAND,Rudraprayag,VILLAGE,Dhankuri,Rural,14,80,38,42,18,9,9,7,4,3,0,0,0,48,26,22,32,12,20,44,20,24,36,18,18
05,058,0018,042699,UTTARAKHAND,Rudraprayag,VILLAGE,Musa Dung,Rural,166,738,315,423,107,56,51,99,53,46,0,0,0,502,246,256,236,69,167,351,123,228,387,192,195
05,058,0018,042700,UTTARAKHAND,Rudraprayag,VILLAGE,Pali,Rural,62,286,133,153,51,28,23,31,16,15,0,0,0,172,103,69,114,30,84,137,52,85,149,81,68
05,058,0018,042701,UTTARAKHAND,Rudraprayag,VILLAGE,Jaili,Rural,91,422,182,240,58,27,31,0,0,0,0,0,0,293,150,143,129,32,97,176,61,115,246,121,125
05,058,0018,042702,UTTARAKHAND,Rudraprayag,VILLAGE,Kandali,Rural,102,557,269,288,77,40,37,164,84,80,0,0,0,389,210,179,168,59,109,271,129,142,286,140,146
05,058,0018,042703,UTTARAKHAND,Rudraprayag,VILLAGE,Bhimali,Rural,66,286,127,159,25,10,15,20,8,12,0,0,0,211,109,102,75,18,57,120,39,81,166,88,78
05,058,0018,042704,UTTARAKHAND,Rudraprayag,VILLAGE,Sisau,Rural,104,508,250,258,72,47,25,269,141,128,0,0,0,340,175,165,168,75,93,230,100,130,278,150,128
05,058,0018,042705,UTTARAKHAND,Rudraprayag,VILLAGE,Mar Gaon,Rural,38,259,129,130,21,12,9,0,0,0,0,0,0,200,106,94,59,23,36,126,52,74,133,77,56
05,058,0018,042706,UTTARAKHAND,Rudraprayag,VILLAGE,Kumari,Rural,245,1092,498,594,122,62,60,181,99,82,0,0,0,758,399,359,334,99,235,426,178,248,666,320,346
05,058,0018,042707,UTTARAKHAND,Rudraprayag,VILLAGE,Phalati,Rural,88,381,179,202,45,24,21,200,100,100,0,0,0,248,140,108,133,39,94,160,82,78,221,97,124
05,058,0018,042708,UTTARAKHAND,Rudraprayag,VILLAGE,Chaka,Rural,188,784,381,403,67,43,24,162,86,76,0,0,0,611,322,289,173,59,114,316,146,170,468,235,233
05,058,0018,042709,UTTARAKHAND,Rudraprayag,VILLAGE,Dhariyaj,Rural,74,347,148,199,41,18,23,0,0,0,0,0,0,263,122,141,84,26,58,130,49,81,217,99,118
05,058,0018,042710,UTTARAKHAND,Rudraprayag,VILLAGE,Kirora Talla,Rural,78,350,151,199,50,25,25,219,92,127,0,0,0,241,119,122,109,32,77,176,71,105,174,80,94
05,058,0018,042711,UTTARAKHAND,Rudraprayag,VILLAGE,Kirora Malla,Rural,103,473,196,277,92,57,35,0,0,0,0,0,0,308,132,176,165,64,101,239,80,159,234,116,118
05,058,0018,042712,UTTARAKHAND,Rudraprayag,VILLAGE,Utarsu,Rural,114,499,209,290,69,35,34,104,41,63,0,0,0,320,156,164,179,53,126,233,71,162,266,138,128
05,058,0018,042713,UTTARAKHAND,Rudraprayag,VILLAGE,Marora,Rural,62,275,125,150,31,15,16,17,8,9,0,0,0,199,105,94,76,20,56,92,52,40,183,73,110
05,058,0018,042714,UTTARAKHAND,Rudraprayag,VILLAGE,Sem,Rural,76,291,134,157,32,17,15,3,1,2,0,0,0,208,109,99,83,25,58,135,64,71,156,70,86
05,058,0018,042715,UTTARAKHAND,Rudraprayag,VILLAGE,Thati,Rural,88,371,172,199,45,16,29,195,97,98,0,0,0,266,143,123,105,29,76,174,72,102,197,100,97
05,058,0018,042716,UTTARAKHAND,Rudraprayag,VILLAGE,Munnadewal,Rural,86,388,189,199,56,35,21,95,54,41,0,0,0,263,142,121,125,47,78,182,69,113,206,120,86
05,058,0018,042717,UTTARAKHAND,Rudraprayag,VILLAGE,Jakholi,Rural,296,1435,682,753,259,127,132,282,147,135,0,0,0,913,507,406,522,175,347,708,315,393,727,367,360
05,058,0018,042718,UTTARAKHAND,Rudraprayag,VILLAGE,Dangwal Gaon,Rural,98,495,250,245,56,24,32,35,18,17,0,0,0,415,226,189,80,24,56,439,229,210,56,21,35
05,058,0018,042719,UTTARAKHAND,Rudraprayag,VILLAGE,Ghanat Gaon,Rural,74,375,197,178,51,30,21,43,24,19,1,0,1,283,165,118,92,32,60,168,86,82,207,111,96
05,058,0018,042720,UTTARAKHAND,Rudraprayag,VILLAGE,Koti,Rural,57,262,114,148,39,19,20,0,0,0,0,0,0,177,89,88,85,25,60,129,50,79,133,64,69
05,058,0018,042721,UTTARAKHAND,Rudraprayag,VILLAGE,Dovalya,Rural,48,214,109,105,26,18,8,0,0,0,0,0,0,155,89,66,59,20,39,117,53,64,97,56,41
05,058,0018,042722,UTTARAKHAND,Rudraprayag,VILLAGE,Basta,Rural,161,652,293,359,85,53,32,70,36,34,0,0,0,453,227,226,199,66,133,320,121,199,332,172,160
05,058,0018,042723,UTTARAKHAND,Rudraprayag,VILLAGE,Dobh,Rural,107,472,184,288,62,23,39,0,0,0,0,0,0,321,151,170,151,33,118,191,65,126,281,119,162
05,058,0018,042724,UTTARAKHAND,Rudraprayag,VILLAGE,Kuri Aduli,Rural,119,576,275,301,70,31,39,79,40,39,0,0,0,398,225,173,178,50,128,283,125,158,293,150,143
05,058,0018,042725,UTTARAKHAND,Rudraprayag,VILLAGE,Lukhundri,Rural,9,40,19,21,3,2,1,23,11,12,0,0,0,30,17,13,10,2,8,19,8,11,21,11,10
05,058,0018,042726,UTTARAKHAND,Rudraprayag,VILLAGE,Jakhanyal Gaon,Rural,43,185,76,109,31,18,13,35,19,16,0,0,0,123,53,70,62,23,39,82,28,54,103,48,55
05,058,0018,042727,UTTARAKHAND,Rudraprayag,VILLAGE,Gair Sera,Rural,1,3,1,2,0,0,0,0,0,0,0,0,0,2,1,1,1,0,1,2,1,1,1,0,1
05,058,0018,042728,UTTARAKHAND,Rudraprayag,VILLAGE,Patiyon,Rural,21,104,50,54,10,7,3,0,0,0,0,0,0,75,38,37,29,12,17,50,21,29,54,29,25
05,058,0018,042729,UTTARAKHAND,Rudraprayag,VILLAGE,Khor,Rural,107,487,222,265,106,59,47,0,0,0,0,0,0,254,139,115,233,83,150,244,91,153,243,131,112
05,058,0018,042730,UTTARAKHAND,Rudraprayag,VILLAGE,Dangi,Rural,60,224,101,123,18,12,6,0,0,0,0,0,0,178,88,90,46,13,33,110,42,68,114,59,55
05,058,0018,042731,UTTARAKHAND,Rudraprayag,VILLAGE,Bag Seer,Rural,128,634,295,339,122,60,62,310,145,165,0,0,0,378,215,163,256,80,176,289,132,157,345,163,182
05,058,0018,042732,UTTARAKHAND,Rudraprayag,VILLAGE,Bhunal Gaon,Rural,187,1045,542,503,172,89,83,511,259,252,0,0,0,687,412,275,358,130,228,508,268,240,537,274,263
05,058,0018,042733,UTTARAKHAND,Rudraprayag,VILLAGE,Mathya Gaon,Rural,75,344,184,160,24,11,13,6,2,4,9,5,4,269,160,109,75,24,51,180,90,90,164,94,70
05,058,0018,042734,UTTARAKHAND,Rudraprayag,VILLAGE,Uchhola,Rural,177,1044,463,581,204,98,106,380,177,203,1,0,1,688,340,348,356,123,233,502,206,296,542,257,285
05,058,0018,042735,UTTARAKHAND,Rudraprayag,VILLAGE,Syur,Rural,272,1387,688,699,201,90,111,278,141,137,0,0,0,998,559,439,389,129,260,698,331,367,689,357,332
05,058,0018,042736,UTTARAKHAND,Rudraprayag,VILLAGE,Kimana,Rural,80,262,97,165,24,10,14,9,5,4,0,0,0,167,73,94,95,24,71,45,29,16,217,68,149
05,058,0018,042737,UTTARAKHAND,Rudraprayag,VILLAGE,Dankot,Rural,91,451,244,207,64,35,29,267,148,119,0,0,0,305,184,121,146,60,86,156,97,59,295,147,148
05,058,0018,042738,UTTARAKHAND,Rudraprayag,VILLAGE,Arkhund,Rural,173,833,401,432,88,47,41,118,61,57,0,0,0,660,347,313,173,54,119,413,180,233,420,221,199
05,058,0018,042739,UTTARAKHAND,Rudraprayag,VILLAGE,Rayari,Rural,176,761,375,386,79,37,42,161,78,83,0,0,0,571,327,244,190,48,142,281,165,116,480,210,270
05,058,0018,042740,UTTARAKHAND,Rudraprayag,VILLAGE,Thapala,Rural,24,136,70,66,21,15,6,0,0,0,0,0,0,91,52,39,45,18,27,83,40,43,53,30,23
